50
0 1 2 3 4 5 6 7 8 9 
10 11 12 13 14 15 16 17 18 19 
20 21 22 23 24 25 26 27 28 29 
30 31 32 33 34 35 36 37 38 39 
40 41 42 43 44 45 46 47 48 49 
50 51 52 53 54 55 56 57 58 59 
60 61 62 63 64 65 66 67 68 69 
70 71 72 73 74 75 76 77 78 79 
80 81 82 83 84 85 86 87 88 89 
90 91 92 93 94 95 96 97 98 99 
100 101 102 103 104 105 106 107 108 109 
110 111 112 113 114 115 116 117 118 119 
120 121 122 123 124 125 126 127 128 129 
130 131 132 133 134 135 136 137 138 139 
140 141 142 143 144 145 146 147 148 149 
150 151 152 153 154 155 156 157 158 159 
160 161 162 163 164 165 166 167 168 169 
170 171 172 173 174 175 176 177 178 179 
180 181 182 183 184 185 186 187 188 189 
190 191 192 193 194 195 196 197 198 199 
200 201 202 203 204 205 206 207 208 209 
210 211 212 213 214 215 216 217 218 219 
220 221 222 223 224 225 226 227 228 229 
230 231 232 233 234 235 236 237 238 239 
240 241 242 243 244 245 246 247 248 249 
250 251 252 253 254 255 256 257 258 259 
260 261 262 263 264 265 266 267 268 269 
270 271 272 273 274 275 276 277 278 279 
280 281 282 283 284 285 286 287 288 289 
290 291 292 293 294 295 296 297 298 299 
300 301 302 303 304 305 306 307 308 309 
310 311 312 313 314 315 316 317 318 319 
320 321 322 323 324 325 326 327 328 329 
330 331 332 333 334 335 336 337 338 339 
340 341 342 343 344 345 346 347 348 349 
350 351 352 353 354 355 356 357 358 359 
360 361 362 363 364 365 366 367 368 369 
370 371 372 373 374 375 376 377 378 379 
380 381 382 383 384 385 386 387 388 389 
390 391 392 393 394 395 396 397 398 399 
400 401 402 403 404 405 406 407 408 409 
410 411 412 413 414 415 416 417 418 419 
420 421 422 423 424 425 426 427 428 429 
430 431 432 433 434 435 436 437 438 439 
440 441 442 443 444 445 446 447 448 449 
450 451 452 453 454 455 456 457 458 459 
460 461 462 463 464 465 466 467 468 469 
470 471 472 473 474 475 476 477 478 479 
480 481 482 483 484 485 486 487 488 489 
490 491 492 493 494 495 496 497 498 499 
1
a0 a1 a2 a3 a4 a5 a6 a7 a8 a9 
100
0 16 28 36 40 56 61 72 88 95 106 113 126 136 148 153 168 172 184 198 203 212 223 231 243 256 268 271 281 292 309 315 325 337 340 352 361 376 388 394 404 419 425 439 445 451 466 477 489 495 a3
3 17 23 33 47 53 66 72 84 98 100 111 125 136 141 157 168 176 185 192 202 214 220 234 243 257 263 276 282 290 300 311 325 339 345 357 362 374 382 399 404 413 424 436 444 458 469 473 484 493 a8
1 14 23 31 48 57 69 79 80 90 100 110 123 137 148 156 166 170 183 195 203 214 226 238 248 250 263 279 285 297 309 311 328 332 349 356 361 377 386 390 403 414 422 438 443 453 460 478 485 491 a3
2 10 28 34 46 58 65 72 88 93 109 114 122 130 148 151 161 177 181 194 208 213 222 231 249 252 267 274 285 290 305 314 323 334 346 350 369 377 383 398 406 415 428 437 443 459 469 477 484 491 a8
1 13 26 34 49 57 66 75 84 90 100 117 128 138 145 150 168 173 188 191 204 214 223 238 243 255 265 278 289 292 309 319 323 331 343 350 366 370 387 393 403 412 428 437 445 457 460 478 488 499 a0
4 16 29 34 46 50 68 70 83 92 108 115 121 131 141 153 166 174 184 193 208 216 224 238 241 255 265 273 285 295 306 319 320 332 345 353 364 376 386 390 408 419 423 431 444 456 466 476 484 494 a3
4 14 25 32 47 51 60 72 80 94 105 114 128 135 148 155 169 175 187 198 209 217 223 235 248 252 263 273 285 299 309 319 321 331 342 355 364 379 387 391 403 414 425 436 443 455 465 475 486 490 a7
0 16 26 33 46 50 60 73 85 97 106 117 121 134 146 153 166 172 182 191 209 218 226 235 245 251 267 272 283 297 308 317 324 331 349 352 364 378 386 395 404 416 422 433 446 456 464 471 487 491 a8
3 13 29 37 42 59 61 77 84 92 107 119 128 139 149 152 169 175 183 198 207 215 227 236 243 255 262 278 288 297 306 315 321 338 344 354 365 374 387 392 403 410 422 432 446 456 463 474 487 493 a4
5 13 23 30 47 56 62 73 86 97 102 119 126 136 142 158 160 175 184 197 205 218 220 234 247 253 264 270 287 292 308 310 325 333 340 351 368 377 386 398 402 411 421 435 441 451 465 476 483 498 a3
8 12 26 39 47 53 68 73 84 91 102 116 123 139 142 154 162 176 181 199 203 218 226 234 244 256 265 273 285 297 308 316 328 338 349 357 368 374 382 398 400 413 421 436 440 454 467 475 488 497 a2
9 12 28 30 49 55 61 75 80 98 105 117 126 133 145 157 165 170 184 195 208 214 223 239 249 256 260 273 289 299 309 314 328 334 348 353 369 377 389 391 407 419 421 439 445 456 465 473 484 496 a1
5 13 22 34 45 59 69 71 82 95 107 115 121 139 140 159 161 174 182 198 207 210 223 237 249 252 263 274 283 291 306 318 323 338 343 351 366 370 382 394 400 416 426 435 449 453 460 470 485 496 a3
8 12 28 33 44 50 64 75 83 96 105 118 121 138 148 152 163 175 188 193 201 212 227 238 241 254 267 278 285 292 302 319 326 338 348 356 364 374 388 390 401 415 429 437 444 458 465 477 481 491 a7
5 16 23 32 46 54 60 72 80 93 106 119 120 133 146 151 163 170 182 197 208 216 228 231 245 253 260 273 283 299 309 317 323 335 347 352 362 375 382 391 404 411 428 437 445 455 468 474 488 496 a2
6 18 24 38 48 57 62 76 83 94 106 119 121 133 149 156 165 176 183 198 207 217 221 232 246 258 261 275 280 294 305 315 326 337 343 358 368 377 389 395 400 419 429 436 448 452 467 473 486 498 a3
8 14 28 34 48 57 61 71 89 96 106 116 128 139 140 153 163 170 180 197 208 216 228 237 247 258 264 274 284 291 307 319 321 331 347 351 367 372 384 391 407 416 429 438 444 453 460 477 487 499 a3
3 16 21 34 41 56 60 76 80 92 107 117 127 139 147 155 166 172 189 195 201 216 229 230 242 256 269 273 284 297 307 317 324 338 344 353 369 376 385 394 406 415 423 438 440 459 461 479 487 497 a4
5 17 24 32 46 56 60 72 84 96 107 112 122 134 149 152 169 175 183 195 200 216 225 238 245 252 260 270 283 294 300 315 326 333 342 350 360 375 387 396 409 413 420 438 449 453 461 473 480 496 a2
4 13 22 34 48 52 66 76 84 95 100 119 129 136 141 155 168 172 189 192 203 217 227 236 246 255 267 278 282 291 307 319 326 332 345 352 364 379 383 398 404 419 422 430 448 454 461 471 487 498 a2
1 11 24 38 46 56 66 77 83 94 107 114 123 138 140 153 166 170 189 191 208 218 221 238 244 255 266 277 282 294 305 311 323 338 345 358 362 374 389 395 407 411 420 433 447 454 469 472 487 490 a4
1 17 27 33 42 50 66 73 81 99 109 115 128 139 145 150 165 172 182 191 202 211 223 233 247 257 267 271 289 295 304 319 321 330 344 353 366 374 383 397 405 410 427 436 447 456 462 473 481 494 a3
9 15 29 31 40 54 63 76 84 92 105 113 125 135 140 154 167 175 182 193 200 219 224 235 241 253 267 276 280 295 304 319 325 331 344 353 362 379 384 399 403 417 428 435 440 456 462 470 487 492 a4
8 18 20 33 49 50 64 70 86 96 107 116 129 138 145 158 163 170 186 191 208 210 223 230 242 251 269 274 284 290 306 318 328 330 345 350 364 378 384 393 408 418 427 432 445 451 468 476 485 498 a8
0 11 20 35 48 55 60 70 88 91 109 115 126 130 148 157 168 173 184 194 204 215 223 233 249 253 260 274 281 292 302 318 326 331 346 356 367 375 387 395 404 418 426 431 448 453 461 472 486 493 a9
3 11 23 33 44 58 66 75 84 94 105 119 125 139 141 159 164 173 182 199 203 215 228 239 246 259 261 275 286 291 308 317 327 333 348 357 362 377 381 398 401 419 422 430 449 459 460 472 487 494 a7
8 14 23 36 47 52 64 77 85 96 101 119 123 136 147 151 162 170 184 196 206 212 223 238 244 253 268 270 287 298 309 318 322 334 340 353 363 377 380 394 408 410 426 431 449 459 469 474 481 497 a8
1 12 27 31 46 51 65 71 84 94 103 110 126 137 142 157 168 175 184 198 205 210 229 238 245 256 262 279 284 294 304 319 329 330 348 355 364 373 384 391 408 415 426 430 444 450 469 474 487 492 a0
8 16 29 32 40 53 68 75 89 98 106 117 120 130 144 151 166 178 187 192 205 211 222 239 240 254 269 273 285 296 307 312 321 333 345 352 369 377 387 392 405 417 424 433 442 458 465 479 480 499 a2
5 19 20 34 47 54 69 72 86 93 104 110 122 131 143 155 166 174 181 191 208 211 225 236 248 256 269 277 282 298 309 313 326 334 342 352 360 378 388 398 400 415 421 438 440 456 461 471 488 492 a9
5 19 27 33 44 54 64 76 80 94 101 110 127 133 141 153 168 179 181 194 207 215 223 230 243 259 266 275 281 295 307 319 329 339 344 354 368 370 387 398 406 412 428 433 448 455 463 475 489 493 a2
2 16 27 31 49 55 66 70 84 98 108 115 124 136 142 150 168 178 187 195 208 211 223 237 245 257 269 272 288 295 300 316 328 332 345 352 362 377 385 398 401 419 423 439 448 457 464 476 485 494 a5
6 11 27 34 41 53 69 76 82 96 104 112 129 137 142 156 161 171 180 198 200 213 228 233 248 258 263 279 288 292 302 317 323 339 344 354 360 377 383 399 402 411 422 432 447 457 463 472 485 490 a2
5 15 25 35 42 52 64 76 83 99 109 118 129 133 147 158 169 172 187 196 204 217 220 236 249 251 266 275 280 294 300 314 327 330 347 351 367 374 381 391 405 410 420 439 442 453 463 478 480 498 a4
9 18 23 37 47 54 69 75 81 96 108 116 129 138 145 150 168 176 185 190 204 211 225 230 243 257 261 273 285 298 307 315 322 339 341 356 363 373 389 397 408 418 429 435 446 454 461 470 486 492 a4
2 15 27 30 48 52 62 74 80 93 105 119 123 138 143 154 169 177 189 196 205 216 227 232 245 251 260 273 289 295 300 316 323 333 345 350 364 378 382 393 400 418 429 434 442 458 466 477 483 490 a1
3 17 25 38 45 57 64 75 86 92 108 115 124 132 149 156 169 173 183 199 200 214 225 236 246 257 263 270 286 295 302 310 328 333 347 359 367 375 389 392 409 413 426 431 441 453 464 471 483 492 a6
3 10 20 31 48 51 69 71 88 94 104 118 120 139 148 156 160 175 189 199 204 213 220 230 247 258 264 274 283 293 301 317 323 338 349 359 368 372 389 398 407 413 421 438 444 454 465 472 483 497 a3
6 13 23 32 40 50 60 74 89 97 105 118 125 132 147 154 161 170 188 198 208 215 221 231 240 252 261 275 282 292 301 311 325 339 344 353 360 376 388 399 407 418 429 430 442 454 466 476 487 499 a4
2 14 29 35 40 51 61 71 87 98 104 111 127 135 144 153 165 177 183 194 205 211 229 230 249 256 260 278 286 296 305 318 322 338 348 356 366 373 383 392 408 414 421 430 443 456 461 475 488 491 a0
8 13 25 38 41 55 68 76 84 90 103 115 121 133 146 159 169 176 187 196 201 213 221 235 240 259 268 277 282 294 305 310 324 335 346 354 366 379 387 391 407 417 429 431 445 459 469 477 486 497 a2
8 11 25 38 44 52 60 78 81 97 101 113 120 134 143 150 165 176 182 192 209 219 225 239 244 254 269 279 280 299 300 310 325 331 347 358 369 377 381 391 406 411 425 434 445 454 469 476 482 498 a4
0 14 24 33 48 56 65 74 80 92 100 117 121 136 141 157 168 177 184 191 208 215 220 236 247 253 260 273 289 295 303 317 322 335 349 356 361 378 389 392 403 413 421 438 445 454 463 478 484 496 a0
9 17 27 36 45 53 68 75 84 95 102 114 125 139 142 155 166 176 185 196 200 217 222 237 245 253 262 270 283 290 302 319 322 334 343 359 364 379 384 392 403 412 424 436 441 458 466 478 483 499 a7
1 18 20 30 41 55 69 70 81 91 107 112 124 133 142 151 160 176 182 190 206 212 222 233 247 252 265 276 286 297 303 317 324 332 340 350 362 374 381 394 405 418 422 431 445 450 460 473 488 496 a5
2 10 28 30 49 56 67 72 89 90 102 114 124 137 140 157 162 172 182 199 206 214 228 235 248 259 260 278 287 292 301 318 329 331 340 357 365 371 380 394 405 411 422 434 442 454 467 473 484 492 a8
0 15 27 39 47 51 63 72 89 95 109 115 127 138 144 154 163 177 183 192 200 211 227 234 244 252 264 273 284 292 307 313 324 333 340 352 362 371 382 395 402 419 421 439 445 456 465 475 488 499 a4
6 11 20 38 48 58 63 74 85 97 100 118 127 138 146 150 163 177 181 192 201 214 228 239 241 250 268 278 288 296 308 314 324 338 340 351 364 375 382 394 408 417 427 437 442 451 464 471 489 495 a1
7 16 27 32 41 53 60 77 88 99 104 116 128 138 145 153 168 177 184 195 207 215 226 233 244 257 260 277 280 296 307 318 322 335 340 357 366 375 388 398 404 418 424 434 444 450 468 479 487 497 a5
3 15 20 34 42 50 63 78 84 93 102 117 121 132 145 153 163 177 187 197 203 218 226 230 249 251 261 279 283 298 300 310 322 331 343 353 362 371 388 397 403 416 424 435 441 451 462 472 488 497 a5
1 19 20 31 45 58 69 74 81 98 104 114 126 132 142 154 160 179 182 190 202 219 220 233 246 254 261 279 288 299 309 310 325 333 349 350 362 379 387 394 403 416 427 438 448 452 467 472 489 497 a1
2 15 26 32 42 59 66 74 81 97 109 116 122 139 143 158 163 172 181 191 201 211 227 237 245 252 261 275 284 296 308 319 320 337 346 354 369 370 386 391 406 414 426 437 443 450 464 479 484 493 a4
9 18 26 30 41 58 69 76 80 97 100 110 124 138 140 155 164 172 188 199 203 216 229 234 246 255 260 273 285 297 302 310 321 332 348 351 364 377 385 396 409 413 426 433 446 454 461 478 483 494 a0
6 15 23 31 43 58 61 73 85 97 105 111 123 135 149 159 162 170 188 190 206 216 222 230 249 250 266 278 282 293 302 310 321 336 345 355 367 370 384 393 403 413 429 439 443 452 462 477 486 494 a9
8 15 23 33 49 53 63 71 83 92 103 110 122 135 144 159 166 170 184 191 201 215 224 237 243 257 262 276 287 297 308 311 327 334 344 355 367 372 385 392 404 419 421 431 440 452 467 474 488 492 a6
6 12 23 37 42 50 65 70 82 90 106 113 126 133 141 153 167 171 189 191 203 215 222 237 242 254 263 277 280 299 308 317 325 331 341 359 364 377 381 395 402 412 422 431 447 456 464 477 488 499 a9
2 19 21 32 41 50 65 74 88 97 108 110 123 131 149 158 165 172 181 198 200 210 223 239 241 253 260 279 286 299 305 318 320 339 346 357 364 378 389 399 408 412 422 438 443 452 469 479 488 497 a9
4 17 21 39 42 55 61 70 88 99 106 118 129 131 149 159 163 175 181 194 206 212 221 239 247 257 265 275 289 293 300 311 328 339 340 351 369 370 383 391 402 418 421 430 442 454 462 476 484 492 a5
3 16 23 33 42 55 61 72 85 90 105 111 124 138 145 159 160 170 188 190 203 212 229 231 248 251 261 277 282 294 308 311 327 338 346 354 365 376 388 395 408 418 428 431 446 456 466 471 487 495 a2
6 16 21 32 41 57 61 75 80 94 103 119 120 131 144 154 166 171 181 194 204 211 222 232 245 254 268 274 281 294 309 310 327 331 341 355 365 376 385 397 403 410 428 431 444 458 467 479 482 492 a0
0 15 21 38 45 53 69 76 87 98 106 113 126 134 143 152 168 179 189 199 209 215 223 230 243 253 261 277 286 297 308 312 329 333 349 354 365 373 386 391 405 419 428 438 446 457 461 476 481 496 a8
0 12 23 30 44 51 60 75 82 92 101 119 120 130 143 154 162 175 188 196 205 213 228 233 240 257 265 274 285 291 304 316 320 338 348 350 366 372 385 392 404 417 424 438 444 450 468 478 482 493 a9
1 12 29 32 46 54 60 70 86 96 106 119 120 137 144 158 161 171 183 197 209 210 226 231 248 258 269 278 289 299 306 312 322 332 342 354 361 376 381 396 406 412 428 436 448 457 464 471 489 491 a7
6 18 25 39 41 56 67 73 88 94 101 111 127 139 144 157 167 174 180 197 205 210 227 231 247 251 260 273 281 294 308 319 328 332 349 353 366 373 381 398 404 412 423 431 444 450 460 476 484 499 a6
6 19 24 31 46 51 63 71 89 96 104 112 123 136 141 152 165 179 181 190 204 213 222 233 243 257 265 276 286 291 303 318 321 337 342 350 363 370 382 391 403 411 421 431 449 459 469 474 482 498 a5
6 13 28 31 42 56 61 78 89 96 106 115 128 132 145 151 166 174 181 199 205 217 229 237 243 252 260 273 284 297 300 314 328 335 347 355 362 375 389 393 402 412 423 435 446 456 462 479 484 498 a3
0 11 29 39 49 53 61 78 80 96 108 114 121 135 142 156 162 175 189 198 200 214 228 236 243 253 264 270 286 299 300 318 325 334 340 352 369 375 387 392 401 417 429 436 444 457 461 470 484 499 a9
4 14 29 32 45 53 62 76 85 98 100 112 121 135 149 158 166 174 189 197 206 217 227 237 243 255 261 272 285 292 304 316 326 339 346 354 366 372 384 399 406 419 422 433 440 454 468 470 485 499 a4
5 14 22 32 46 56 61 79 80 91 100 111 122 134 144 155 161 179 184 191 204 219 220 230 247 254 264 277 288 297 300 316 325 338 348 352 364 376 389 398 404 412 424 437 446 457 469 479 485 499 a6
1 10 27 39 46 53 62 75 82 92 104 111 123 131 143 156 164 175 181 191 205 219 226 237 242 255 262 273 280 294 304 311 329 330 348 355 368 378 382 398 401 411 427 435 449 450 460 476 482 491 a5
3 14 27 31 42 54 60 77 80 90 108 114 127 137 143 151 162 172 187 198 205 213 223 230 243 251 260 277 281 294 306 310 329 339 341 357 361 378 386 391 407 411 421 437 442 456 460 478 486 498 a8
4 14 23 39 49 50 67 78 81 93 103 115 126 134 147 155 167 175 186 190 204 216 226 230 244 251 265 277 286 290 302 310 322 336 342 356 366 370 381 396 404 410 424 437 444 456 465 472 484 491 a3
2 10 28 33 47 58 62 75 88 95 109 111 120 130 142 152 169 172 181 198 207 213 229 235 243 251 268 276 287 296 302 312 324 337 340 350 363 372 384 397 403 414 423 430 444 459 464 476 481 493 a5
0 12 22 36 48 50 62 70 86 99 106 117 122 132 147 156 162 170 182 199 207 218 223 235 242 250 268 271 283 296 302 315 324 330 342 359 361 371 382 390 400 411 428 438 447 457 461 478 487 492 a1
6 19 24 38 41 59 67 74 87 91 101 116 129 137 141 152 161 170 187 194 201 218 222 238 245 250 265 277 284 299 300 314 321 335 345 356 360 372 380 390 404 417 424 438 449 454 469 471 486 495 a9
7 19 28 30 48 56 66 72 81 93 100 119 128 130 147 155 164 171 185 192 209 219 226 230 243 253 263 278 280 291 304 311 329 339 343 354 363 374 387 399 404 410 429 437 444 457 465 478 482 499 a4
9 11 22 30 47 53 67 76 84 92 107 111 120 139 148 150 169 177 182 192 209 213 225 238 248 250 269 276 286 298 305 316 321 336 344 359 366 378 385 391 405 417 423 436 446 459 469 477 485 497 a6
0 19 27 35 46 55 64 71 87 93 101 110 125 137 141 159 164 175 189 193 200 211 221 236 242 250 269 271 289 291 301 310 328 331 344 356 364 371 387 393 401 416 427 437 443 456 467 479 485 499 a5
2 16 23 35 48 58 60 73 86 96 103 112 126 131 140 152 163 172 184 195 202 217 225 232 243 254 263 272 285 292 300 315 320 336 349 354 364 376 385 398 403 417 421 437 448 454 461 476 483 494 a3
6 10 23 32 44 50 61 72 84 94 107 118 123 136 147 151 169 171 186 197 207 216 226 231 245 256 268 273 289 292 307 319 320 338 343 354 366 374 385 394 403 413 420 433 445 459 467 470 480 492 a1
4 16 27 35 49 54 61 77 88 92 107 113 122 137 148 157 164 172 182 194 205 216 222 233 244 255 262 276 285 298 307 313 326 330 342 352 362 372 383 390 405 417 427 431 445 450 468 475 487 492 a2
8 18 28 36 48 54 63 71 83 92 105 111 120 135 144 157 162 174 185 195 201 218 222 239 248 259 260 278 283 297 306 318 323 335 348 354 368 373 384 398 408 411 420 438 449 455 466 476 480 493 a5
1 12 26 30 49 56 68 78 88 93 105 118 126 135 147 158 164 176 189 199 208 219 226 236 240 258 264 279 282 292 304 317 329 331 345 355 366 374 389 398 409 415 426 434 442 453 464 472 482 496 a2
0 10 24 37 41 55 60 70 81 91 108 115 126 139 148 158 164 179 181 192 200 217 221 239 242 253 262 273 287 294 301 317 326 330 344 356 365 374 383 390 406 414 427 436 440 450 469 474 484 494 a9
3 11 24 31 42 59 64 74 88 93 106 112 127 130 141 159 166 175 182 192 200 216 221 236 246 259 264 279 282 294 308 319 322 334 348 356 361 378 381 396 400 419 425 437 449 451 460 476 488 491 a3
8 11 21 39 46 59 67 74 82 95 105 112 123 134 146 159 162 172 185 197 207 214 225 232 240 250 264 276 284 299 308 310 321 331 349 357 360 374 381 396 403 413 428 431 444 456 461 472 482 491 a7
3 12 23 35 44 55 69 79 85 95 101 119 123 136 145 151 162 175 189 198 208 211 229 233 243 255 264 277 283 299 302 313 323 331 344 357 367 375 384 391 401 415 425 431 442 453 464 474 489 495 a8
6 13 22 39 42 53 69 71 88 91 102 115 126 132 147 156 161 172 188 194 206 210 227 237 242 255 268 271 289 290 300 318 328 330 346 350 360 372 382 393 407 414 426 430 449 450 468 478 485 497 a3
2 11 21 32 45 56 65 76 86 95 108 111 127 130 143 156 166 176 187 196 209 219 224 236 242 254 266 278 282 297 309 315 322 337 348 357 367 378 380 393 405 415 426 438 448 452 468 470 485 493 a1
2 18 21 33 42 57 64 79 80 90 106 113 128 136 142 159 169 171 186 199 208 215 223 230 243 252 265 277 280 296 306 313 328 335 346 357 361 374 385 390 402 418 420 433 448 452 467 472 485 492 a8
8 18 24 33 46 54 60 70 80 91 106 118 124 133 143 154 163 179 185 197 205 216 226 236 249 255 260 272 281 294 303 311 327 337 348 354 364 372 380 393 401 413 425 438 445 450 466 479 485 497 a4
2 10 25 32 42 52 68 73 80 94 108 118 125 137 144 150 166 175 188 190 201 218 221 236 241 250 267 270 289 299 300 316 324 330 340 351 362 374 386 392 405 418 429 439 443 455 460 470 480 499 a9
3 16 26 33 44 59 68 71 81 94 108 114 121 133 141 154 165 177 183 198 201 219 226 235 242 259 262 272 286 299 306 319 320 339 346 350 367 376 386 391 403 413 424 438 447 453 467 475 481 490 a5
3 17 20 38 44 50 61 70 84 96 105 114 121 137 148 154 161 177 181 197 208 211 221 234 247 255 268 277 288 291 306 310 326 334 343 352 369 371 382 399 406 415 421 435 447 459 462 470 488 499 a6
8 10 23 36 42 55 66 70 88 92 103 112 123 130 144 158 167 174 186 194 200 214 221 230 243 259 266 276 288 292 307 319 328 335 348 350 363 377 381 397 403 410 423 437 442 453 468 474 482 491 a5
6 11 25 36 43 58 62 73 82 98 109 112 125 134 144 153 167 171 184 194 209 213 229 231 249 250 264 277 289 290 302 313 326 337 341 357 363 379 384 391 401 414 428 438 443 458 467 472 488 490 a0
2 18 26 35 43 52 63 76 83 94 104 113 122 136 145 155 168 173 187 199 208 217 223 233 244 254 260 278 281 292 302 319 329 330 349 355 360 372 387 394 409 412 421 437 446 451 466 472 487 492 a9
8 11 20 31 45 55 63 70 88 91 105 115 120 131 145 153 161 177 189 195 206 215 222 239 246 256 265 276 283 298 308 310 328 333 343 357 368 378 383 390 406 411 429 433 444 456 460 475 481 497 a4
5 18 27 33 43 59 61 75 88 99 106 117 129 133 145 156 166 178 187 195 203 213 229 238 244 256 269 275 289 295 300 315 325 334 343 351 361 379 380 398 407 413 425 431 440 453 469 479 489 490 a4
7 13 22 30 42 58 68 78 86 90 106 115 122 139 140 151 165 170 183 194 207 217 229 237 240 257 267 278 281 296 309 316 329 331 342 352 363 373 380 393 403 411 423 438 441 457 462 472 489 492 a4