100
0 1 2 3 4 5 6 7 8 9 10 11 12 13 14 15 16 17 18 19 20 21 22 23 24 25 26 27 28 29 30 31 32 33 34 35 36 37 38 39 40 41 42 43 44 45 46 47 48 49 50 51 52 53 54 55 56 57 58 59 60 61 62 63 64 65 66 67 68 69 70 71 72 73 74 75 76 77 78 79 80 81 82 83 84 85 86 87 88 89 90 91 92 93 94 95 96 97 98 99 
100 101 102 103 104 105 106 107 108 109 110 111 112 113 114 115 116 117 118 119 120 121 122 123 124 125 126 127 128 129 130 131 132 133 134 135 136 137 138 139 140 141 142 143 144 145 146 147 148 149 150 151 152 153 154 155 156 157 158 159 160 161 162 163 164 165 166 167 168 169 170 171 172 173 174 175 176 177 178 179 180 181 182 183 184 185 186 187 188 189 190 191 192 193 194 195 196 197 198 199 
200 201 202 203 204 205 206 207 208 209 210 211 212 213 214 215 216 217 218 219 220 221 222 223 224 225 226 227 228 229 230 231 232 233 234 235 236 237 238 239 240 241 242 243 244 245 246 247 248 249 250 251 252 253 254 255 256 257 258 259 260 261 262 263 264 265 266 267 268 269 270 271 272 273 274 275 276 277 278 279 280 281 282 283 284 285 286 287 288 289 290 291 292 293 294 295 296 297 298 299 
300 301 302 303 304 305 306 307 308 309 310 311 312 313 314 315 316 317 318 319 320 321 322 323 324 325 326 327 328 329 330 331 332 333 334 335 336 337 338 339 340 341 342 343 344 345 346 347 348 349 350 351 352 353 354 355 356 357 358 359 360 361 362 363 364 365 366 367 368 369 370 371 372 373 374 375 376 377 378 379 380 381 382 383 384 385 386 387 388 389 390 391 392 393 394 395 396 397 398 399 
400 401 402 403 404 405 406 407 408 409 410 411 412 413 414 415 416 417 418 419 420 421 422 423 424 425 426 427 428 429 430 431 432 433 434 435 436 437 438 439 440 441 442 443 444 445 446 447 448 449 450 451 452 453 454 455 456 457 458 459 460 461 462 463 464 465 466 467 468 469 470 471 472 473 474 475 476 477 478 479 480 481 482 483 484 485 486 487 488 489 490 491 492 493 494 495 496 497 498 499 
500 501 502 503 504 505 506 507 508 509 510 511 512 513 514 515 516 517 518 519 520 521 522 523 524 525 526 527 528 529 530 531 532 533 534 535 536 537 538 539 540 541 542 543 544 545 546 547 548 549 550 551 552 553 554 555 556 557 558 559 560 561 562 563 564 565 566 567 568 569 570 571 572 573 574 575 576 577 578 579 580 581 582 583 584 585 586 587 588 589 590 591 592 593 594 595 596 597 598 599 
600 601 602 603 604 605 606 607 608 609 610 611 612 613 614 615 616 617 618 619 620 621 622 623 624 625 626 627 628 629 630 631 632 633 634 635 636 637 638 639 640 641 642 643 644 645 646 647 648 649 650 651 652 653 654 655 656 657 658 659 660 661 662 663 664 665 666 667 668 669 670 671 672 673 674 675 676 677 678 679 680 681 682 683 684 685 686 687 688 689 690 691 692 693 694 695 696 697 698 699 
700 701 702 703 704 705 706 707 708 709 710 711 712 713 714 715 716 717 718 719 720 721 722 723 724 725 726 727 728 729 730 731 732 733 734 735 736 737 738 739 740 741 742 743 744 745 746 747 748 749 750 751 752 753 754 755 756 757 758 759 760 761 762 763 764 765 766 767 768 769 770 771 772 773 774 775 776 777 778 779 780 781 782 783 784 785 786 787 788 789 790 791 792 793 794 795 796 797 798 799 
800 801 802 803 804 805 806 807 808 809 810 811 812 813 814 815 816 817 818 819 820 821 822 823 824 825 826 827 828 829 830 831 832 833 834 835 836 837 838 839 840 841 842 843 844 845 846 847 848 849 850 851 852 853 854 855 856 857 858 859 860 861 862 863 864 865 866 867 868 869 870 871 872 873 874 875 876 877 878 879 880 881 882 883 884 885 886 887 888 889 890 891 892 893 894 895 896 897 898 899 
900 901 902 903 904 905 906 907 908 909 910 911 912 913 914 915 916 917 918 919 920 921 922 923 924 925 926 927 928 929 930 931 932 933 934 935 936 937 938 939 940 941 942 943 944 945 946 947 948 949 950 951 952 953 954 955 956 957 958 959 960 961 962 963 964 965 966 967 968 969 970 971 972 973 974 975 976 977 978 979 980 981 982 983 984 985 986 987 988 989 990 991 992 993 994 995 996 997 998 999 
1000 1001 1002 1003 1004 1005 1006 1007 1008 1009 1010 1011 1012 1013 1014 1015 1016 1017 1018 1019 1020 1021 1022 1023 1024 1025 1026 1027 1028 1029 1030 1031 1032 1033 1034 1035 1036 1037 1038 1039 1040 1041 1042 1043 1044 1045 1046 1047 1048 1049 1050 1051 1052 1053 1054 1055 1056 1057 1058 1059 1060 1061 1062 1063 1064 1065 1066 1067 1068 1069 1070 1071 1072 1073 1074 1075 1076 1077 1078 1079 1080 1081 1082 1083 1084 1085 1086 1087 1088 1089 1090 1091 1092 1093 1094 1095 1096 1097 1098 1099 
1100 1101 1102 1103 1104 1105 1106 1107 1108 1109 1110 1111 1112 1113 1114 1115 1116 1117 1118 1119 1120 1121 1122 1123 1124 1125 1126 1127 1128 1129 1130 1131 1132 1133 1134 1135 1136 1137 1138 1139 1140 1141 1142 1143 1144 1145 1146 1147 1148 1149 1150 1151 1152 1153 1154 1155 1156 1157 1158 1159 1160 1161 1162 1163 1164 1165 1166 1167 1168 1169 1170 1171 1172 1173 1174 1175 1176 1177 1178 1179 1180 1181 1182 1183 1184 1185 1186 1187 1188 1189 1190 1191 1192 1193 1194 1195 1196 1197 1198 1199 
1200 1201 1202 1203 1204 1205 1206 1207 1208 1209 1210 1211 1212 1213 1214 1215 1216 1217 1218 1219 1220 1221 1222 1223 1224 1225 1226 1227 1228 1229 1230 1231 1232 1233 1234 1235 1236 1237 1238 1239 1240 1241 1242 1243 1244 1245 1246 1247 1248 1249 1250 1251 1252 1253 1254 1255 1256 1257 1258 1259 1260 1261 1262 1263 1264 1265 1266 1267 1268 1269 1270 1271 1272 1273 1274 1275 1276 1277 1278 1279 1280 1281 1282 1283 1284 1285 1286 1287 1288 1289 1290 1291 1292 1293 1294 1295 1296 1297 1298 1299 
1300 1301 1302 1303 1304 1305 1306 1307 1308 1309 1310 1311 1312 1313 1314 1315 1316 1317 1318 1319 1320 1321 1322 1323 1324 1325 1326 1327 1328 1329 1330 1331 1332 1333 1334 1335 1336 1337 1338 1339 1340 1341 1342 1343 1344 1345 1346 1347 1348 1349 1350 1351 1352 1353 1354 1355 1356 1357 1358 1359 1360 1361 1362 1363 1364 1365 1366 1367 1368 1369 1370 1371 1372 1373 1374 1375 1376 1377 1378 1379 1380 1381 1382 1383 1384 1385 1386 1387 1388 1389 1390 1391 1392 1393 1394 1395 1396 1397 1398 1399 
1400 1401 1402 1403 1404 1405 1406 1407 1408 1409 1410 1411 1412 1413 1414 1415 1416 1417 1418 1419 1420 1421 1422 1423 1424 1425 1426 1427 1428 1429 1430 1431 1432 1433 1434 1435 1436 1437 1438 1439 1440 1441 1442 1443 1444 1445 1446 1447 1448 1449 1450 1451 1452 1453 1454 1455 1456 1457 1458 1459 1460 1461 1462 1463 1464 1465 1466 1467 1468 1469 1470 1471 1472 1473 1474 1475 1476 1477 1478 1479 1480 1481 1482 1483 1484 1485 1486 1487 1488 1489 1490 1491 1492 1493 1494 1495 1496 1497 1498 1499 
1500 1501 1502 1503 1504 1505 1506 1507 1508 1509 1510 1511 1512 1513 1514 1515 1516 1517 1518 1519 1520 1521 1522 1523 1524 1525 1526 1527 1528 1529 1530 1531 1532 1533 1534 1535 1536 1537 1538 1539 1540 1541 1542 1543 1544 1545 1546 1547 1548 1549 1550 1551 1552 1553 1554 1555 1556 1557 1558 1559 1560 1561 1562 1563 1564 1565 1566 1567 1568 1569 1570 1571 1572 1573 1574 1575 1576 1577 1578 1579 1580 1581 1582 1583 1584 1585 1586 1587 1588 1589 1590 1591 1592 1593 1594 1595 1596 1597 1598 1599 
1600 1601 1602 1603 1604 1605 1606 1607 1608 1609 1610 1611 1612 1613 1614 1615 1616 1617 1618 1619 1620 1621 1622 1623 1624 1625 1626 1627 1628 1629 1630 1631 1632 1633 1634 1635 1636 1637 1638 1639 1640 1641 1642 1643 1644 1645 1646 1647 1648 1649 1650 1651 1652 1653 1654 1655 1656 1657 1658 1659 1660 1661 1662 1663 1664 1665 1666 1667 1668 1669 1670 1671 1672 1673 1674 1675 1676 1677 1678 1679 1680 1681 1682 1683 1684 1685 1686 1687 1688 1689 1690 1691 1692 1693 1694 1695 1696 1697 1698 1699 
1700 1701 1702 1703 1704 1705 1706 1707 1708 1709 1710 1711 1712 1713 1714 1715 1716 1717 1718 1719 1720 1721 1722 1723 1724 1725 1726 1727 1728 1729 1730 1731 1732 1733 1734 1735 1736 1737 1738 1739 1740 1741 1742 1743 1744 1745 1746 1747 1748 1749 1750 1751 1752 1753 1754 1755 1756 1757 1758 1759 1760 1761 1762 1763 1764 1765 1766 1767 1768 1769 1770 1771 1772 1773 1774 1775 1776 1777 1778 1779 1780 1781 1782 1783 1784 1785 1786 1787 1788 1789 1790 1791 1792 1793 1794 1795 1796 1797 1798 1799 
1800 1801 1802 1803 1804 1805 1806 1807 1808 1809 1810 1811 1812 1813 1814 1815 1816 1817 1818 1819 1820 1821 1822 1823 1824 1825 1826 1827 1828 1829 1830 1831 1832 1833 1834 1835 1836 1837 1838 1839 1840 1841 1842 1843 1844 1845 1846 1847 1848 1849 1850 1851 1852 1853 1854 1855 1856 1857 1858 1859 1860 1861 1862 1863 1864 1865 1866 1867 1868 1869 1870 1871 1872 1873 1874 1875 1876 1877 1878 1879 1880 1881 1882 1883 1884 1885 1886 1887 1888 1889 1890 1891 1892 1893 1894 1895 1896 1897 1898 1899 
1900 1901 1902 1903 1904 1905 1906 1907 1908 1909 1910 1911 1912 1913 1914 1915 1916 1917 1918 1919 1920 1921 1922 1923 1924 1925 1926 1927 1928 1929 1930 1931 1932 1933 1934 1935 1936 1937 1938 1939 1940 1941 1942 1943 1944 1945 1946 1947 1948 1949 1950 1951 1952 1953 1954 1955 1956 1957 1958 1959 1960 1961 1962 1963 1964 1965 1966 1967 1968 1969 1970 1971 1972 1973 1974 1975 1976 1977 1978 1979 1980 1981 1982 1983 1984 1985 1986 1987 1988 1989 1990 1991 1992 1993 1994 1995 1996 1997 1998 1999 
2000 2001 2002 2003 2004 2005 2006 2007 2008 2009 2010 2011 2012 2013 2014 2015 2016 2017 2018 2019 2020 2021 2022 2023 2024 2025 2026 2027 2028 2029 2030 2031 2032 2033 2034 2035 2036 2037 2038 2039 2040 2041 2042 2043 2044 2045 2046 2047 2048 2049 2050 2051 2052 2053 2054 2055 2056 2057 2058 2059 2060 2061 2062 2063 2064 2065 2066 2067 2068 2069 2070 2071 2072 2073 2074 2075 2076 2077 2078 2079 2080 2081 2082 2083 2084 2085 2086 2087 2088 2089 2090 2091 2092 2093 2094 2095 2096 2097 2098 2099 
2100 2101 2102 2103 2104 2105 2106 2107 2108 2109 2110 2111 2112 2113 2114 2115 2116 2117 2118 2119 2120 2121 2122 2123 2124 2125 2126 2127 2128 2129 2130 2131 2132 2133 2134 2135 2136 2137 2138 2139 2140 2141 2142 2143 2144 2145 2146 2147 2148 2149 2150 2151 2152 2153 2154 2155 2156 2157 2158 2159 2160 2161 2162 2163 2164 2165 2166 2167 2168 2169 2170 2171 2172 2173 2174 2175 2176 2177 2178 2179 2180 2181 2182 2183 2184 2185 2186 2187 2188 2189 2190 2191 2192 2193 2194 2195 2196 2197 2198 2199 
2200 2201 2202 2203 2204 2205 2206 2207 2208 2209 2210 2211 2212 2213 2214 2215 2216 2217 2218 2219 2220 2221 2222 2223 2224 2225 2226 2227 2228 2229 2230 2231 2232 2233 2234 2235 2236 2237 2238 2239 2240 2241 2242 2243 2244 2245 2246 2247 2248 2249 2250 2251 2252 2253 2254 2255 2256 2257 2258 2259 2260 2261 2262 2263 2264 2265 2266 2267 2268 2269 2270 2271 2272 2273 2274 2275 2276 2277 2278 2279 2280 2281 2282 2283 2284 2285 2286 2287 2288 2289 2290 2291 2292 2293 2294 2295 2296 2297 2298 2299 
2300 2301 2302 2303 2304 2305 2306 2307 2308 2309 2310 2311 2312 2313 2314 2315 2316 2317 2318 2319 2320 2321 2322 2323 2324 2325 2326 2327 2328 2329 2330 2331 2332 2333 2334 2335 2336 2337 2338 2339 2340 2341 2342 2343 2344 2345 2346 2347 2348 2349 2350 2351 2352 2353 2354 2355 2356 2357 2358 2359 2360 2361 2362 2363 2364 2365 2366 2367 2368 2369 2370 2371 2372 2373 2374 2375 2376 2377 2378 2379 2380 2381 2382 2383 2384 2385 2386 2387 2388 2389 2390 2391 2392 2393 2394 2395 2396 2397 2398 2399 
2400 2401 2402 2403 2404 2405 2406 2407 2408 2409 2410 2411 2412 2413 2414 2415 2416 2417 2418 2419 2420 2421 2422 2423 2424 2425 2426 2427 2428 2429 2430 2431 2432 2433 2434 2435 2436 2437 2438 2439 2440 2441 2442 2443 2444 2445 2446 2447 2448 2449 2450 2451 2452 2453 2454 2455 2456 2457 2458 2459 2460 2461 2462 2463 2464 2465 2466 2467 2468 2469 2470 2471 2472 2473 2474 2475 2476 2477 2478 2479 2480 2481 2482 2483 2484 2485 2486 2487 2488 2489 2490 2491 2492 2493 2494 2495 2496 2497 2498 2499 
2500 2501 2502 2503 2504 2505 2506 2507 2508 2509 2510 2511 2512 2513 2514 2515 2516 2517 2518 2519 2520 2521 2522 2523 2524 2525 2526 2527 2528 2529 2530 2531 2532 2533 2534 2535 2536 2537 2538 2539 2540 2541 2542 2543 2544 2545 2546 2547 2548 2549 2550 2551 2552 2553 2554 2555 2556 2557 2558 2559 2560 2561 2562 2563 2564 2565 2566 2567 2568 2569 2570 2571 2572 2573 2574 2575 2576 2577 2578 2579 2580 2581 2582 2583 2584 2585 2586 2587 2588 2589 2590 2591 2592 2593 2594 2595 2596 2597 2598 2599 
2600 2601 2602 2603 2604 2605 2606 2607 2608 2609 2610 2611 2612 2613 2614 2615 2616 2617 2618 2619 2620 2621 2622 2623 2624 2625 2626 2627 2628 2629 2630 2631 2632 2633 2634 2635 2636 2637 2638 2639 2640 2641 2642 2643 2644 2645 2646 2647 2648 2649 2650 2651 2652 2653 2654 2655 2656 2657 2658 2659 2660 2661 2662 2663 2664 2665 2666 2667 2668 2669 2670 2671 2672 2673 2674 2675 2676 2677 2678 2679 2680 2681 2682 2683 2684 2685 2686 2687 2688 2689 2690 2691 2692 2693 2694 2695 2696 2697 2698 2699 
2700 2701 2702 2703 2704 2705 2706 2707 2708 2709 2710 2711 2712 2713 2714 2715 2716 2717 2718 2719 2720 2721 2722 2723 2724 2725 2726 2727 2728 2729 2730 2731 2732 2733 2734 2735 2736 2737 2738 2739 2740 2741 2742 2743 2744 2745 2746 2747 2748 2749 2750 2751 2752 2753 2754 2755 2756 2757 2758 2759 2760 2761 2762 2763 2764 2765 2766 2767 2768 2769 2770 2771 2772 2773 2774 2775 2776 2777 2778 2779 2780 2781 2782 2783 2784 2785 2786 2787 2788 2789 2790 2791 2792 2793 2794 2795 2796 2797 2798 2799 
2800 2801 2802 2803 2804 2805 2806 2807 2808 2809 2810 2811 2812 2813 2814 2815 2816 2817 2818 2819 2820 2821 2822 2823 2824 2825 2826 2827 2828 2829 2830 2831 2832 2833 2834 2835 2836 2837 2838 2839 2840 2841 2842 2843 2844 2845 2846 2847 2848 2849 2850 2851 2852 2853 2854 2855 2856 2857 2858 2859 2860 2861 2862 2863 2864 2865 2866 2867 2868 2869 2870 2871 2872 2873 2874 2875 2876 2877 2878 2879 2880 2881 2882 2883 2884 2885 2886 2887 2888 2889 2890 2891 2892 2893 2894 2895 2896 2897 2898 2899 
2900 2901 2902 2903 2904 2905 2906 2907 2908 2909 2910 2911 2912 2913 2914 2915 2916 2917 2918 2919 2920 2921 2922 2923 2924 2925 2926 2927 2928 2929 2930 2931 2932 2933 2934 2935 2936 2937 2938 2939 2940 2941 2942 2943 2944 2945 2946 2947 2948 2949 2950 2951 2952 2953 2954 2955 2956 2957 2958 2959 2960 2961 2962 2963 2964 2965 2966 2967 2968 2969 2970 2971 2972 2973 2974 2975 2976 2977 2978 2979 2980 2981 2982 2983 2984 2985 2986 2987 2988 2989 2990 2991 2992 2993 2994 2995 2996 2997 2998 2999 
3000 3001 3002 3003 3004 3005 3006 3007 3008 3009 3010 3011 3012 3013 3014 3015 3016 3017 3018 3019 3020 3021 3022 3023 3024 3025 3026 3027 3028 3029 3030 3031 3032 3033 3034 3035 3036 3037 3038 3039 3040 3041 3042 3043 3044 3045 3046 3047 3048 3049 3050 3051 3052 3053 3054 3055 3056 3057 3058 3059 3060 3061 3062 3063 3064 3065 3066 3067 3068 3069 3070 3071 3072 3073 3074 3075 3076 3077 3078 3079 3080 3081 3082 3083 3084 3085 3086 3087 3088 3089 3090 3091 3092 3093 3094 3095 3096 3097 3098 3099 
3100 3101 3102 3103 3104 3105 3106 3107 3108 3109 3110 3111 3112 3113 3114 3115 3116 3117 3118 3119 3120 3121 3122 3123 3124 3125 3126 3127 3128 3129 3130 3131 3132 3133 3134 3135 3136 3137 3138 3139 3140 3141 3142 3143 3144 3145 3146 3147 3148 3149 3150 3151 3152 3153 3154 3155 3156 3157 3158 3159 3160 3161 3162 3163 3164 3165 3166 3167 3168 3169 3170 3171 3172 3173 3174 3175 3176 3177 3178 3179 3180 3181 3182 3183 3184 3185 3186 3187 3188 3189 3190 3191 3192 3193 3194 3195 3196 3197 3198 3199 
3200 3201 3202 3203 3204 3205 3206 3207 3208 3209 3210 3211 3212 3213 3214 3215 3216 3217 3218 3219 3220 3221 3222 3223 3224 3225 3226 3227 3228 3229 3230 3231 3232 3233 3234 3235 3236 3237 3238 3239 3240 3241 3242 3243 3244 3245 3246 3247 3248 3249 3250 3251 3252 3253 3254 3255 3256 3257 3258 3259 3260 3261 3262 3263 3264 3265 3266 3267 3268 3269 3270 3271 3272 3273 3274 3275 3276 3277 3278 3279 3280 3281 3282 3283 3284 3285 3286 3287 3288 3289 3290 3291 3292 3293 3294 3295 3296 3297 3298 3299 
3300 3301 3302 3303 3304 3305 3306 3307 3308 3309 3310 3311 3312 3313 3314 3315 3316 3317 3318 3319 3320 3321 3322 3323 3324 3325 3326 3327 3328 3329 3330 3331 3332 3333 3334 3335 3336 3337 3338 3339 3340 3341 3342 3343 3344 3345 3346 3347 3348 3349 3350 3351 3352 3353 3354 3355 3356 3357 3358 3359 3360 3361 3362 3363 3364 3365 3366 3367 3368 3369 3370 3371 3372 3373 3374 3375 3376 3377 3378 3379 3380 3381 3382 3383 3384 3385 3386 3387 3388 3389 3390 3391 3392 3393 3394 3395 3396 3397 3398 3399 
3400 3401 3402 3403 3404 3405 3406 3407 3408 3409 3410 3411 3412 3413 3414 3415 3416 3417 3418 3419 3420 3421 3422 3423 3424 3425 3426 3427 3428 3429 3430 3431 3432 3433 3434 3435 3436 3437 3438 3439 3440 3441 3442 3443 3444 3445 3446 3447 3448 3449 3450 3451 3452 3453 3454 3455 3456 3457 3458 3459 3460 3461 3462 3463 3464 3465 3466 3467 3468 3469 3470 3471 3472 3473 3474 3475 3476 3477 3478 3479 3480 3481 3482 3483 3484 3485 3486 3487 3488 3489 3490 3491 3492 3493 3494 3495 3496 3497 3498 3499 
3500 3501 3502 3503 3504 3505 3506 3507 3508 3509 3510 3511 3512 3513 3514 3515 3516 3517 3518 3519 3520 3521 3522 3523 3524 3525 3526 3527 3528 3529 3530 3531 3532 3533 3534 3535 3536 3537 3538 3539 3540 3541 3542 3543 3544 3545 3546 3547 3548 3549 3550 3551 3552 3553 3554 3555 3556 3557 3558 3559 3560 3561 3562 3563 3564 3565 3566 3567 3568 3569 3570 3571 3572 3573 3574 3575 3576 3577 3578 3579 3580 3581 3582 3583 3584 3585 3586 3587 3588 3589 3590 3591 3592 3593 3594 3595 3596 3597 3598 3599 
3600 3601 3602 3603 3604 3605 3606 3607 3608 3609 3610 3611 3612 3613 3614 3615 3616 3617 3618 3619 3620 3621 3622 3623 3624 3625 3626 3627 3628 3629 3630 3631 3632 3633 3634 3635 3636 3637 3638 3639 3640 3641 3642 3643 3644 3645 3646 3647 3648 3649 3650 3651 3652 3653 3654 3655 3656 3657 3658 3659 3660 3661 3662 3663 3664 3665 3666 3667 3668 3669 3670 3671 3672 3673 3674 3675 3676 3677 3678 3679 3680 3681 3682 3683 3684 3685 3686 3687 3688 3689 3690 3691 3692 3693 3694 3695 3696 3697 3698 3699 
3700 3701 3702 3703 3704 3705 3706 3707 3708 3709 3710 3711 3712 3713 3714 3715 3716 3717 3718 3719 3720 3721 3722 3723 3724 3725 3726 3727 3728 3729 3730 3731 3732 3733 3734 3735 3736 3737 3738 3739 3740 3741 3742 3743 3744 3745 3746 3747 3748 3749 3750 3751 3752 3753 3754 3755 3756 3757 3758 3759 3760 3761 3762 3763 3764 3765 3766 3767 3768 3769 3770 3771 3772 3773 3774 3775 3776 3777 3778 3779 3780 3781 3782 3783 3784 3785 3786 3787 3788 3789 3790 3791 3792 3793 3794 3795 3796 3797 3798 3799 
3800 3801 3802 3803 3804 3805 3806 3807 3808 3809 3810 3811 3812 3813 3814 3815 3816 3817 3818 3819 3820 3821 3822 3823 3824 3825 3826 3827 3828 3829 3830 3831 3832 3833 3834 3835 3836 3837 3838 3839 3840 3841 3842 3843 3844 3845 3846 3847 3848 3849 3850 3851 3852 3853 3854 3855 3856 3857 3858 3859 3860 3861 3862 3863 3864 3865 3866 3867 3868 3869 3870 3871 3872 3873 3874 3875 3876 3877 3878 3879 3880 3881 3882 3883 3884 3885 3886 3887 3888 3889 3890 3891 3892 3893 3894 3895 3896 3897 3898 3899 
3900 3901 3902 3903 3904 3905 3906 3907 3908 3909 3910 3911 3912 3913 3914 3915 3916 3917 3918 3919 3920 3921 3922 3923 3924 3925 3926 3927 3928 3929 3930 3931 3932 3933 3934 3935 3936 3937 3938 3939 3940 3941 3942 3943 3944 3945 3946 3947 3948 3949 3950 3951 3952 3953 3954 3955 3956 3957 3958 3959 3960 3961 3962 3963 3964 3965 3966 3967 3968 3969 3970 3971 3972 3973 3974 3975 3976 3977 3978 3979 3980 3981 3982 3983 3984 3985 3986 3987 3988 3989 3990 3991 3992 3993 3994 3995 3996 3997 3998 3999 
4000 4001 4002 4003 4004 4005 4006 4007 4008 4009 4010 4011 4012 4013 4014 4015 4016 4017 4018 4019 4020 4021 4022 4023 4024 4025 4026 4027 4028 4029 4030 4031 4032 4033 4034 4035 4036 4037 4038 4039 4040 4041 4042 4043 4044 4045 4046 4047 4048 4049 4050 4051 4052 4053 4054 4055 4056 4057 4058 4059 4060 4061 4062 4063 4064 4065 4066 4067 4068 4069 4070 4071 4072 4073 4074 4075 4076 4077 4078 4079 4080 4081 4082 4083 4084 4085 4086 4087 4088 4089 4090 4091 4092 4093 4094 4095 4096 4097 4098 4099 
4100 4101 4102 4103 4104 4105 4106 4107 4108 4109 4110 4111 4112 4113 4114 4115 4116 4117 4118 4119 4120 4121 4122 4123 4124 4125 4126 4127 4128 4129 4130 4131 4132 4133 4134 4135 4136 4137 4138 4139 4140 4141 4142 4143 4144 4145 4146 4147 4148 4149 4150 4151 4152 4153 4154 4155 4156 4157 4158 4159 4160 4161 4162 4163 4164 4165 4166 4167 4168 4169 4170 4171 4172 4173 4174 4175 4176 4177 4178 4179 4180 4181 4182 4183 4184 4185 4186 4187 4188 4189 4190 4191 4192 4193 4194 4195 4196 4197 4198 4199 
4200 4201 4202 4203 4204 4205 4206 4207 4208 4209 4210 4211 4212 4213 4214 4215 4216 4217 4218 4219 4220 4221 4222 4223 4224 4225 4226 4227 4228 4229 4230 4231 4232 4233 4234 4235 4236 4237 4238 4239 4240 4241 4242 4243 4244 4245 4246 4247 4248 4249 4250 4251 4252 4253 4254 4255 4256 4257 4258 4259 4260 4261 4262 4263 4264 4265 4266 4267 4268 4269 4270 4271 4272 4273 4274 4275 4276 4277 4278 4279 4280 4281 4282 4283 4284 4285 4286 4287 4288 4289 4290 4291 4292 4293 4294 4295 4296 4297 4298 4299 
4300 4301 4302 4303 4304 4305 4306 4307 4308 4309 4310 4311 4312 4313 4314 4315 4316 4317 4318 4319 4320 4321 4322 4323 4324 4325 4326 4327 4328 4329 4330 4331 4332 4333 4334 4335 4336 4337 4338 4339 4340 4341 4342 4343 4344 4345 4346 4347 4348 4349 4350 4351 4352 4353 4354 4355 4356 4357 4358 4359 4360 4361 4362 4363 4364 4365 4366 4367 4368 4369 4370 4371 4372 4373 4374 4375 4376 4377 4378 4379 4380 4381 4382 4383 4384 4385 4386 4387 4388 4389 4390 4391 4392 4393 4394 4395 4396 4397 4398 4399 
4400 4401 4402 4403 4404 4405 4406 4407 4408 4409 4410 4411 4412 4413 4414 4415 4416 4417 4418 4419 4420 4421 4422 4423 4424 4425 4426 4427 4428 4429 4430 4431 4432 4433 4434 4435 4436 4437 4438 4439 4440 4441 4442 4443 4444 4445 4446 4447 4448 4449 4450 4451 4452 4453 4454 4455 4456 4457 4458 4459 4460 4461 4462 4463 4464 4465 4466 4467 4468 4469 4470 4471 4472 4473 4474 4475 4476 4477 4478 4479 4480 4481 4482 4483 4484 4485 4486 4487 4488 4489 4490 4491 4492 4493 4494 4495 4496 4497 4498 4499 
4500 4501 4502 4503 4504 4505 4506 4507 4508 4509 4510 4511 4512 4513 4514 4515 4516 4517 4518 4519 4520 4521 4522 4523 4524 4525 4526 4527 4528 4529 4530 4531 4532 4533 4534 4535 4536 4537 4538 4539 4540 4541 4542 4543 4544 4545 4546 4547 4548 4549 4550 4551 4552 4553 4554 4555 4556 4557 4558 4559 4560 4561 4562 4563 4564 4565 4566 4567 4568 4569 4570 4571 4572 4573 4574 4575 4576 4577 4578 4579 4580 4581 4582 4583 4584 4585 4586 4587 4588 4589 4590 4591 4592 4593 4594 4595 4596 4597 4598 4599 
4600 4601 4602 4603 4604 4605 4606 4607 4608 4609 4610 4611 4612 4613 4614 4615 4616 4617 4618 4619 4620 4621 4622 4623 4624 4625 4626 4627 4628 4629 4630 4631 4632 4633 4634 4635 4636 4637 4638 4639 4640 4641 4642 4643 4644 4645 4646 4647 4648 4649 4650 4651 4652 4653 4654 4655 4656 4657 4658 4659 4660 4661 4662 4663 4664 4665 4666 4667 4668 4669 4670 4671 4672 4673 4674 4675 4676 4677 4678 4679 4680 4681 4682 4683 4684 4685 4686 4687 4688 4689 4690 4691 4692 4693 4694 4695 4696 4697 4698 4699 
4700 4701 4702 4703 4704 4705 4706 4707 4708 4709 4710 4711 4712 4713 4714 4715 4716 4717 4718 4719 4720 4721 4722 4723 4724 4725 4726 4727 4728 4729 4730 4731 4732 4733 4734 4735 4736 4737 4738 4739 4740 4741 4742 4743 4744 4745 4746 4747 4748 4749 4750 4751 4752 4753 4754 4755 4756 4757 4758 4759 4760 4761 4762 4763 4764 4765 4766 4767 4768 4769 4770 4771 4772 4773 4774 4775 4776 4777 4778 4779 4780 4781 4782 4783 4784 4785 4786 4787 4788 4789 4790 4791 4792 4793 4794 4795 4796 4797 4798 4799 
4800 4801 4802 4803 4804 4805 4806 4807 4808 4809 4810 4811 4812 4813 4814 4815 4816 4817 4818 4819 4820 4821 4822 4823 4824 4825 4826 4827 4828 4829 4830 4831 4832 4833 4834 4835 4836 4837 4838 4839 4840 4841 4842 4843 4844 4845 4846 4847 4848 4849 4850 4851 4852 4853 4854 4855 4856 4857 4858 4859 4860 4861 4862 4863 4864 4865 4866 4867 4868 4869 4870 4871 4872 4873 4874 4875 4876 4877 4878 4879 4880 4881 4882 4883 4884 4885 4886 4887 4888 4889 4890 4891 4892 4893 4894 4895 4896 4897 4898 4899 
4900 4901 4902 4903 4904 4905 4906 4907 4908 4909 4910 4911 4912 4913 4914 4915 4916 4917 4918 4919 4920 4921 4922 4923 4924 4925 4926 4927 4928 4929 4930 4931 4932 4933 4934 4935 4936 4937 4938 4939 4940 4941 4942 4943 4944 4945 4946 4947 4948 4949 4950 4951 4952 4953 4954 4955 4956 4957 4958 4959 4960 4961 4962 4963 4964 4965 4966 4967 4968 4969 4970 4971 4972 4973 4974 4975 4976 4977 4978 4979 4980 4981 4982 4983 4984 4985 4986 4987 4988 4989 4990 4991 4992 4993 4994 4995 4996 4997 4998 4999 
5000 5001 5002 5003 5004 5005 5006 5007 5008 5009 5010 5011 5012 5013 5014 5015 5016 5017 5018 5019 5020 5021 5022 5023 5024 5025 5026 5027 5028 5029 5030 5031 5032 5033 5034 5035 5036 5037 5038 5039 5040 5041 5042 5043 5044 5045 5046 5047 5048 5049 5050 5051 5052 5053 5054 5055 5056 5057 5058 5059 5060 5061 5062 5063 5064 5065 5066 5067 5068 5069 5070 5071 5072 5073 5074 5075 5076 5077 5078 5079 5080 5081 5082 5083 5084 5085 5086 5087 5088 5089 5090 5091 5092 5093 5094 5095 5096 5097 5098 5099 
5100 5101 5102 5103 5104 5105 5106 5107 5108 5109 5110 5111 5112 5113 5114 5115 5116 5117 5118 5119 5120 5121 5122 5123 5124 5125 5126 5127 5128 5129 5130 5131 5132 5133 5134 5135 5136 5137 5138 5139 5140 5141 5142 5143 5144 5145 5146 5147 5148 5149 5150 5151 5152 5153 5154 5155 5156 5157 5158 5159 5160 5161 5162 5163 5164 5165 5166 5167 5168 5169 5170 5171 5172 5173 5174 5175 5176 5177 5178 5179 5180 5181 5182 5183 5184 5185 5186 5187 5188 5189 5190 5191 5192 5193 5194 5195 5196 5197 5198 5199 
5200 5201 5202 5203 5204 5205 5206 5207 5208 5209 5210 5211 5212 5213 5214 5215 5216 5217 5218 5219 5220 5221 5222 5223 5224 5225 5226 5227 5228 5229 5230 5231 5232 5233 5234 5235 5236 5237 5238 5239 5240 5241 5242 5243 5244 5245 5246 5247 5248 5249 5250 5251 5252 5253 5254 5255 5256 5257 5258 5259 5260 5261 5262 5263 5264 5265 5266 5267 5268 5269 5270 5271 5272 5273 5274 5275 5276 5277 5278 5279 5280 5281 5282 5283 5284 5285 5286 5287 5288 5289 5290 5291 5292 5293 5294 5295 5296 5297 5298 5299 
5300 5301 5302 5303 5304 5305 5306 5307 5308 5309 5310 5311 5312 5313 5314 5315 5316 5317 5318 5319 5320 5321 5322 5323 5324 5325 5326 5327 5328 5329 5330 5331 5332 5333 5334 5335 5336 5337 5338 5339 5340 5341 5342 5343 5344 5345 5346 5347 5348 5349 5350 5351 5352 5353 5354 5355 5356 5357 5358 5359 5360 5361 5362 5363 5364 5365 5366 5367 5368 5369 5370 5371 5372 5373 5374 5375 5376 5377 5378 5379 5380 5381 5382 5383 5384 5385 5386 5387 5388 5389 5390 5391 5392 5393 5394 5395 5396 5397 5398 5399 
5400 5401 5402 5403 5404 5405 5406 5407 5408 5409 5410 5411 5412 5413 5414 5415 5416 5417 5418 5419 5420 5421 5422 5423 5424 5425 5426 5427 5428 5429 5430 5431 5432 5433 5434 5435 5436 5437 5438 5439 5440 5441 5442 5443 5444 5445 5446 5447 5448 5449 5450 5451 5452 5453 5454 5455 5456 5457 5458 5459 5460 5461 5462 5463 5464 5465 5466 5467 5468 5469 5470 5471 5472 5473 5474 5475 5476 5477 5478 5479 5480 5481 5482 5483 5484 5485 5486 5487 5488 5489 5490 5491 5492 5493 5494 5495 5496 5497 5498 5499 
5500 5501 5502 5503 5504 5505 5506 5507 5508 5509 5510 5511 5512 5513 5514 5515 5516 5517 5518 5519 5520 5521 5522 5523 5524 5525 5526 5527 5528 5529 5530 5531 5532 5533 5534 5535 5536 5537 5538 5539 5540 5541 5542 5543 5544 5545 5546 5547 5548 5549 5550 5551 5552 5553 5554 5555 5556 5557 5558 5559 5560 5561 5562 5563 5564 5565 5566 5567 5568 5569 5570 5571 5572 5573 5574 5575 5576 5577 5578 5579 5580 5581 5582 5583 5584 5585 5586 5587 5588 5589 5590 5591 5592 5593 5594 5595 5596 5597 5598 5599 
5600 5601 5602 5603 5604 5605 5606 5607 5608 5609 5610 5611 5612 5613 5614 5615 5616 5617 5618 5619 5620 5621 5622 5623 5624 5625 5626 5627 5628 5629 5630 5631 5632 5633 5634 5635 5636 5637 5638 5639 5640 5641 5642 5643 5644 5645 5646 5647 5648 5649 5650 5651 5652 5653 5654 5655 5656 5657 5658 5659 5660 5661 5662 5663 5664 5665 5666 5667 5668 5669 5670 5671 5672 5673 5674 5675 5676 5677 5678 5679 5680 5681 5682 5683 5684 5685 5686 5687 5688 5689 5690 5691 5692 5693 5694 5695 5696 5697 5698 5699 
5700 5701 5702 5703 5704 5705 5706 5707 5708 5709 5710 5711 5712 5713 5714 5715 5716 5717 5718 5719 5720 5721 5722 5723 5724 5725 5726 5727 5728 5729 5730 5731 5732 5733 5734 5735 5736 5737 5738 5739 5740 5741 5742 5743 5744 5745 5746 5747 5748 5749 5750 5751 5752 5753 5754 5755 5756 5757 5758 5759 5760 5761 5762 5763 5764 5765 5766 5767 5768 5769 5770 5771 5772 5773 5774 5775 5776 5777 5778 5779 5780 5781 5782 5783 5784 5785 5786 5787 5788 5789 5790 5791 5792 5793 5794 5795 5796 5797 5798 5799 
5800 5801 5802 5803 5804 5805 5806 5807 5808 5809 5810 5811 5812 5813 5814 5815 5816 5817 5818 5819 5820 5821 5822 5823 5824 5825 5826 5827 5828 5829 5830 5831 5832 5833 5834 5835 5836 5837 5838 5839 5840 5841 5842 5843 5844 5845 5846 5847 5848 5849 5850 5851 5852 5853 5854 5855 5856 5857 5858 5859 5860 5861 5862 5863 5864 5865 5866 5867 5868 5869 5870 5871 5872 5873 5874 5875 5876 5877 5878 5879 5880 5881 5882 5883 5884 5885 5886 5887 5888 5889 5890 5891 5892 5893 5894 5895 5896 5897 5898 5899 
5900 5901 5902 5903 5904 5905 5906 5907 5908 5909 5910 5911 5912 5913 5914 5915 5916 5917 5918 5919 5920 5921 5922 5923 5924 5925 5926 5927 5928 5929 5930 5931 5932 5933 5934 5935 5936 5937 5938 5939 5940 5941 5942 5943 5944 5945 5946 5947 5948 5949 5950 5951 5952 5953 5954 5955 5956 5957 5958 5959 5960 5961 5962 5963 5964 5965 5966 5967 5968 5969 5970 5971 5972 5973 5974 5975 5976 5977 5978 5979 5980 5981 5982 5983 5984 5985 5986 5987 5988 5989 5990 5991 5992 5993 5994 5995 5996 5997 5998 5999 
6000 6001 6002 6003 6004 6005 6006 6007 6008 6009 6010 6011 6012 6013 6014 6015 6016 6017 6018 6019 6020 6021 6022 6023 6024 6025 6026 6027 6028 6029 6030 6031 6032 6033 6034 6035 6036 6037 6038 6039 6040 6041 6042 6043 6044 6045 6046 6047 6048 6049 6050 6051 6052 6053 6054 6055 6056 6057 6058 6059 6060 6061 6062 6063 6064 6065 6066 6067 6068 6069 6070 6071 6072 6073 6074 6075 6076 6077 6078 6079 6080 6081 6082 6083 6084 6085 6086 6087 6088 6089 6090 6091 6092 6093 6094 6095 6096 6097 6098 6099 
6100 6101 6102 6103 6104 6105 6106 6107 6108 6109 6110 6111 6112 6113 6114 6115 6116 6117 6118 6119 6120 6121 6122 6123 6124 6125 6126 6127 6128 6129 6130 6131 6132 6133 6134 6135 6136 6137 6138 6139 6140 6141 6142 6143 6144 6145 6146 6147 6148 6149 6150 6151 6152 6153 6154 6155 6156 6157 6158 6159 6160 6161 6162 6163 6164 6165 6166 6167 6168 6169 6170 6171 6172 6173 6174 6175 6176 6177 6178 6179 6180 6181 6182 6183 6184 6185 6186 6187 6188 6189 6190 6191 6192 6193 6194 6195 6196 6197 6198 6199 
6200 6201 6202 6203 6204 6205 6206 6207 6208 6209 6210 6211 6212 6213 6214 6215 6216 6217 6218 6219 6220 6221 6222 6223 6224 6225 6226 6227 6228 6229 6230 6231 6232 6233 6234 6235 6236 6237 6238 6239 6240 6241 6242 6243 6244 6245 6246 6247 6248 6249 6250 6251 6252 6253 6254 6255 6256 6257 6258 6259 6260 6261 6262 6263 6264 6265 6266 6267 6268 6269 6270 6271 6272 6273 6274 6275 6276 6277 6278 6279 6280 6281 6282 6283 6284 6285 6286 6287 6288 6289 6290 6291 6292 6293 6294 6295 6296 6297 6298 6299 
6300 6301 6302 6303 6304 6305 6306 6307 6308 6309 6310 6311 6312 6313 6314 6315 6316 6317 6318 6319 6320 6321 6322 6323 6324 6325 6326 6327 6328 6329 6330 6331 6332 6333 6334 6335 6336 6337 6338 6339 6340 6341 6342 6343 6344 6345 6346 6347 6348 6349 6350 6351 6352 6353 6354 6355 6356 6357 6358 6359 6360 6361 6362 6363 6364 6365 6366 6367 6368 6369 6370 6371 6372 6373 6374 6375 6376 6377 6378 6379 6380 6381 6382 6383 6384 6385 6386 6387 6388 6389 6390 6391 6392 6393 6394 6395 6396 6397 6398 6399 
6400 6401 6402 6403 6404 6405 6406 6407 6408 6409 6410 6411 6412 6413 6414 6415 6416 6417 6418 6419 6420 6421 6422 6423 6424 6425 6426 6427 6428 6429 6430 6431 6432 6433 6434 6435 6436 6437 6438 6439 6440 6441 6442 6443 6444 6445 6446 6447 6448 6449 6450 6451 6452 6453 6454 6455 6456 6457 6458 6459 6460 6461 6462 6463 6464 6465 6466 6467 6468 6469 6470 6471 6472 6473 6474 6475 6476 6477 6478 6479 6480 6481 6482 6483 6484 6485 6486 6487 6488 6489 6490 6491 6492 6493 6494 6495 6496 6497 6498 6499 
6500 6501 6502 6503 6504 6505 6506 6507 6508 6509 6510 6511 6512 6513 6514 6515 6516 6517 6518 6519 6520 6521 6522 6523 6524 6525 6526 6527 6528 6529 6530 6531 6532 6533 6534 6535 6536 6537 6538 6539 6540 6541 6542 6543 6544 6545 6546 6547 6548 6549 6550 6551 6552 6553 6554 6555 6556 6557 6558 6559 6560 6561 6562 6563 6564 6565 6566 6567 6568 6569 6570 6571 6572 6573 6574 6575 6576 6577 6578 6579 6580 6581 6582 6583 6584 6585 6586 6587 6588 6589 6590 6591 6592 6593 6594 6595 6596 6597 6598 6599 
6600 6601 6602 6603 6604 6605 6606 6607 6608 6609 6610 6611 6612 6613 6614 6615 6616 6617 6618 6619 6620 6621 6622 6623 6624 6625 6626 6627 6628 6629 6630 6631 6632 6633 6634 6635 6636 6637 6638 6639 6640 6641 6642 6643 6644 6645 6646 6647 6648 6649 6650 6651 6652 6653 6654 6655 6656 6657 6658 6659 6660 6661 6662 6663 6664 6665 6666 6667 6668 6669 6670 6671 6672 6673 6674 6675 6676 6677 6678 6679 6680 6681 6682 6683 6684 6685 6686 6687 6688 6689 6690 6691 6692 6693 6694 6695 6696 6697 6698 6699 
6700 6701 6702 6703 6704 6705 6706 6707 6708 6709 6710 6711 6712 6713 6714 6715 6716 6717 6718 6719 6720 6721 6722 6723 6724 6725 6726 6727 6728 6729 6730 6731 6732 6733 6734 6735 6736 6737 6738 6739 6740 6741 6742 6743 6744 6745 6746 6747 6748 6749 6750 6751 6752 6753 6754 6755 6756 6757 6758 6759 6760 6761 6762 6763 6764 6765 6766 6767 6768 6769 6770 6771 6772 6773 6774 6775 6776 6777 6778 6779 6780 6781 6782 6783 6784 6785 6786 6787 6788 6789 6790 6791 6792 6793 6794 6795 6796 6797 6798 6799 
6800 6801 6802 6803 6804 6805 6806 6807 6808 6809 6810 6811 6812 6813 6814 6815 6816 6817 6818 6819 6820 6821 6822 6823 6824 6825 6826 6827 6828 6829 6830 6831 6832 6833 6834 6835 6836 6837 6838 6839 6840 6841 6842 6843 6844 6845 6846 6847 6848 6849 6850 6851 6852 6853 6854 6855 6856 6857 6858 6859 6860 6861 6862 6863 6864 6865 6866 6867 6868 6869 6870 6871 6872 6873 6874 6875 6876 6877 6878 6879 6880 6881 6882 6883 6884 6885 6886 6887 6888 6889 6890 6891 6892 6893 6894 6895 6896 6897 6898 6899 
6900 6901 6902 6903 6904 6905 6906 6907 6908 6909 6910 6911 6912 6913 6914 6915 6916 6917 6918 6919 6920 6921 6922 6923 6924 6925 6926 6927 6928 6929 6930 6931 6932 6933 6934 6935 6936 6937 6938 6939 6940 6941 6942 6943 6944 6945 6946 6947 6948 6949 6950 6951 6952 6953 6954 6955 6956 6957 6958 6959 6960 6961 6962 6963 6964 6965 6966 6967 6968 6969 6970 6971 6972 6973 6974 6975 6976 6977 6978 6979 6980 6981 6982 6983 6984 6985 6986 6987 6988 6989 6990 6991 6992 6993 6994 6995 6996 6997 6998 6999 
7000 7001 7002 7003 7004 7005 7006 7007 7008 7009 7010 7011 7012 7013 7014 7015 7016 7017 7018 7019 7020 7021 7022 7023 7024 7025 7026 7027 7028 7029 7030 7031 7032 7033 7034 7035 7036 7037 7038 7039 7040 7041 7042 7043 7044 7045 7046 7047 7048 7049 7050 7051 7052 7053 7054 7055 7056 7057 7058 7059 7060 7061 7062 7063 7064 7065 7066 7067 7068 7069 7070 7071 7072 7073 7074 7075 7076 7077 7078 7079 7080 7081 7082 7083 7084 7085 7086 7087 7088 7089 7090 7091 7092 7093 7094 7095 7096 7097 7098 7099 
7100 7101 7102 7103 7104 7105 7106 7107 7108 7109 7110 7111 7112 7113 7114 7115 7116 7117 7118 7119 7120 7121 7122 7123 7124 7125 7126 7127 7128 7129 7130 7131 7132 7133 7134 7135 7136 7137 7138 7139 7140 7141 7142 7143 7144 7145 7146 7147 7148 7149 7150 7151 7152 7153 7154 7155 7156 7157 7158 7159 7160 7161 7162 7163 7164 7165 7166 7167 7168 7169 7170 7171 7172 7173 7174 7175 7176 7177 7178 7179 7180 7181 7182 7183 7184 7185 7186 7187 7188 7189 7190 7191 7192 7193 7194 7195 7196 7197 7198 7199 
7200 7201 7202 7203 7204 7205 7206 7207 7208 7209 7210 7211 7212 7213 7214 7215 7216 7217 7218 7219 7220 7221 7222 7223 7224 7225 7226 7227 7228 7229 7230 7231 7232 7233 7234 7235 7236 7237 7238 7239 7240 7241 7242 7243 7244 7245 7246 7247 7248 7249 7250 7251 7252 7253 7254 7255 7256 7257 7258 7259 7260 7261 7262 7263 7264 7265 7266 7267 7268 7269 7270 7271 7272 7273 7274 7275 7276 7277 7278 7279 7280 7281 7282 7283 7284 7285 7286 7287 7288 7289 7290 7291 7292 7293 7294 7295 7296 7297 7298 7299 
7300 7301 7302 7303 7304 7305 7306 7307 7308 7309 7310 7311 7312 7313 7314 7315 7316 7317 7318 7319 7320 7321 7322 7323 7324 7325 7326 7327 7328 7329 7330 7331 7332 7333 7334 7335 7336 7337 7338 7339 7340 7341 7342 7343 7344 7345 7346 7347 7348 7349 7350 7351 7352 7353 7354 7355 7356 7357 7358 7359 7360 7361 7362 7363 7364 7365 7366 7367 7368 7369 7370 7371 7372 7373 7374 7375 7376 7377 7378 7379 7380 7381 7382 7383 7384 7385 7386 7387 7388 7389 7390 7391 7392 7393 7394 7395 7396 7397 7398 7399 
7400 7401 7402 7403 7404 7405 7406 7407 7408 7409 7410 7411 7412 7413 7414 7415 7416 7417 7418 7419 7420 7421 7422 7423 7424 7425 7426 7427 7428 7429 7430 7431 7432 7433 7434 7435 7436 7437 7438 7439 7440 7441 7442 7443 7444 7445 7446 7447 7448 7449 7450 7451 7452 7453 7454 7455 7456 7457 7458 7459 7460 7461 7462 7463 7464 7465 7466 7467 7468 7469 7470 7471 7472 7473 7474 7475 7476 7477 7478 7479 7480 7481 7482 7483 7484 7485 7486 7487 7488 7489 7490 7491 7492 7493 7494 7495 7496 7497 7498 7499 
7500 7501 7502 7503 7504 7505 7506 7507 7508 7509 7510 7511 7512 7513 7514 7515 7516 7517 7518 7519 7520 7521 7522 7523 7524 7525 7526 7527 7528 7529 7530 7531 7532 7533 7534 7535 7536 7537 7538 7539 7540 7541 7542 7543 7544 7545 7546 7547 7548 7549 7550 7551 7552 7553 7554 7555 7556 7557 7558 7559 7560 7561 7562 7563 7564 7565 7566 7567 7568 7569 7570 7571 7572 7573 7574 7575 7576 7577 7578 7579 7580 7581 7582 7583 7584 7585 7586 7587 7588 7589 7590 7591 7592 7593 7594 7595 7596 7597 7598 7599 
7600 7601 7602 7603 7604 7605 7606 7607 7608 7609 7610 7611 7612 7613 7614 7615 7616 7617 7618 7619 7620 7621 7622 7623 7624 7625 7626 7627 7628 7629 7630 7631 7632 7633 7634 7635 7636 7637 7638 7639 7640 7641 7642 7643 7644 7645 7646 7647 7648 7649 7650 7651 7652 7653 7654 7655 7656 7657 7658 7659 7660 7661 7662 7663 7664 7665 7666 7667 7668 7669 7670 7671 7672 7673 7674 7675 7676 7677 7678 7679 7680 7681 7682 7683 7684 7685 7686 7687 7688 7689 7690 7691 7692 7693 7694 7695 7696 7697 7698 7699 
7700 7701 7702 7703 7704 7705 7706 7707 7708 7709 7710 7711 7712 7713 7714 7715 7716 7717 7718 7719 7720 7721 7722 7723 7724 7725 7726 7727 7728 7729 7730 7731 7732 7733 7734 7735 7736 7737 7738 7739 7740 7741 7742 7743 7744 7745 7746 7747 7748 7749 7750 7751 7752 7753 7754 7755 7756 7757 7758 7759 7760 7761 7762 7763 7764 7765 7766 7767 7768 7769 7770 7771 7772 7773 7774 7775 7776 7777 7778 7779 7780 7781 7782 7783 7784 7785 7786 7787 7788 7789 7790 7791 7792 7793 7794 7795 7796 7797 7798 7799 
7800 7801 7802 7803 7804 7805 7806 7807 7808 7809 7810 7811 7812 7813 7814 7815 7816 7817 7818 7819 7820 7821 7822 7823 7824 7825 7826 7827 7828 7829 7830 7831 7832 7833 7834 7835 7836 7837 7838 7839 7840 7841 7842 7843 7844 7845 7846 7847 7848 7849 7850 7851 7852 7853 7854 7855 7856 7857 7858 7859 7860 7861 7862 7863 7864 7865 7866 7867 7868 7869 7870 7871 7872 7873 7874 7875 7876 7877 7878 7879 7880 7881 7882 7883 7884 7885 7886 7887 7888 7889 7890 7891 7892 7893 7894 7895 7896 7897 7898 7899 
7900 7901 7902 7903 7904 7905 7906 7907 7908 7909 7910 7911 7912 7913 7914 7915 7916 7917 7918 7919 7920 7921 7922 7923 7924 7925 7926 7927 7928 7929 7930 7931 7932 7933 7934 7935 7936 7937 7938 7939 7940 7941 7942 7943 7944 7945 7946 7947 7948 7949 7950 7951 7952 7953 7954 7955 7956 7957 7958 7959 7960 7961 7962 7963 7964 7965 7966 7967 7968 7969 7970 7971 7972 7973 7974 7975 7976 7977 7978 7979 7980 7981 7982 7983 7984 7985 7986 7987 7988 7989 7990 7991 7992 7993 7994 7995 7996 7997 7998 7999 
8000 8001 8002 8003 8004 8005 8006 8007 8008 8009 8010 8011 8012 8013 8014 8015 8016 8017 8018 8019 8020 8021 8022 8023 8024 8025 8026 8027 8028 8029 8030 8031 8032 8033 8034 8035 8036 8037 8038 8039 8040 8041 8042 8043 8044 8045 8046 8047 8048 8049 8050 8051 8052 8053 8054 8055 8056 8057 8058 8059 8060 8061 8062 8063 8064 8065 8066 8067 8068 8069 8070 8071 8072 8073 8074 8075 8076 8077 8078 8079 8080 8081 8082 8083 8084 8085 8086 8087 8088 8089 8090 8091 8092 8093 8094 8095 8096 8097 8098 8099 
8100 8101 8102 8103 8104 8105 8106 8107 8108 8109 8110 8111 8112 8113 8114 8115 8116 8117 8118 8119 8120 8121 8122 8123 8124 8125 8126 8127 8128 8129 8130 8131 8132 8133 8134 8135 8136 8137 8138 8139 8140 8141 8142 8143 8144 8145 8146 8147 8148 8149 8150 8151 8152 8153 8154 8155 8156 8157 8158 8159 8160 8161 8162 8163 8164 8165 8166 8167 8168 8169 8170 8171 8172 8173 8174 8175 8176 8177 8178 8179 8180 8181 8182 8183 8184 8185 8186 8187 8188 8189 8190 8191 8192 8193 8194 8195 8196 8197 8198 8199 
8200 8201 8202 8203 8204 8205 8206 8207 8208 8209 8210 8211 8212 8213 8214 8215 8216 8217 8218 8219 8220 8221 8222 8223 8224 8225 8226 8227 8228 8229 8230 8231 8232 8233 8234 8235 8236 8237 8238 8239 8240 8241 8242 8243 8244 8245 8246 8247 8248 8249 8250 8251 8252 8253 8254 8255 8256 8257 8258 8259 8260 8261 8262 8263 8264 8265 8266 8267 8268 8269 8270 8271 8272 8273 8274 8275 8276 8277 8278 8279 8280 8281 8282 8283 8284 8285 8286 8287 8288 8289 8290 8291 8292 8293 8294 8295 8296 8297 8298 8299 
8300 8301 8302 8303 8304 8305 8306 8307 8308 8309 8310 8311 8312 8313 8314 8315 8316 8317 8318 8319 8320 8321 8322 8323 8324 8325 8326 8327 8328 8329 8330 8331 8332 8333 8334 8335 8336 8337 8338 8339 8340 8341 8342 8343 8344 8345 8346 8347 8348 8349 8350 8351 8352 8353 8354 8355 8356 8357 8358 8359 8360 8361 8362 8363 8364 8365 8366 8367 8368 8369 8370 8371 8372 8373 8374 8375 8376 8377 8378 8379 8380 8381 8382 8383 8384 8385 8386 8387 8388 8389 8390 8391 8392 8393 8394 8395 8396 8397 8398 8399 
8400 8401 8402 8403 8404 8405 8406 8407 8408 8409 8410 8411 8412 8413 8414 8415 8416 8417 8418 8419 8420 8421 8422 8423 8424 8425 8426 8427 8428 8429 8430 8431 8432 8433 8434 8435 8436 8437 8438 8439 8440 8441 8442 8443 8444 8445 8446 8447 8448 8449 8450 8451 8452 8453 8454 8455 8456 8457 8458 8459 8460 8461 8462 8463 8464 8465 8466 8467 8468 8469 8470 8471 8472 8473 8474 8475 8476 8477 8478 8479 8480 8481 8482 8483 8484 8485 8486 8487 8488 8489 8490 8491 8492 8493 8494 8495 8496 8497 8498 8499 
8500 8501 8502 8503 8504 8505 8506 8507 8508 8509 8510 8511 8512 8513 8514 8515 8516 8517 8518 8519 8520 8521 8522 8523 8524 8525 8526 8527 8528 8529 8530 8531 8532 8533 8534 8535 8536 8537 8538 8539 8540 8541 8542 8543 8544 8545 8546 8547 8548 8549 8550 8551 8552 8553 8554 8555 8556 8557 8558 8559 8560 8561 8562 8563 8564 8565 8566 8567 8568 8569 8570 8571 8572 8573 8574 8575 8576 8577 8578 8579 8580 8581 8582 8583 8584 8585 8586 8587 8588 8589 8590 8591 8592 8593 8594 8595 8596 8597 8598 8599 
8600 8601 8602 8603 8604 8605 8606 8607 8608 8609 8610 8611 8612 8613 8614 8615 8616 8617 8618 8619 8620 8621 8622 8623 8624 8625 8626 8627 8628 8629 8630 8631 8632 8633 8634 8635 8636 8637 8638 8639 8640 8641 8642 8643 8644 8645 8646 8647 8648 8649 8650 8651 8652 8653 8654 8655 8656 8657 8658 8659 8660 8661 8662 8663 8664 8665 8666 8667 8668 8669 8670 8671 8672 8673 8674 8675 8676 8677 8678 8679 8680 8681 8682 8683 8684 8685 8686 8687 8688 8689 8690 8691 8692 8693 8694 8695 8696 8697 8698 8699 
8700 8701 8702 8703 8704 8705 8706 8707 8708 8709 8710 8711 8712 8713 8714 8715 8716 8717 8718 8719 8720 8721 8722 8723 8724 8725 8726 8727 8728 8729 8730 8731 8732 8733 8734 8735 8736 8737 8738 8739 8740 8741 8742 8743 8744 8745 8746 8747 8748 8749 8750 8751 8752 8753 8754 8755 8756 8757 8758 8759 8760 8761 8762 8763 8764 8765 8766 8767 8768 8769 8770 8771 8772 8773 8774 8775 8776 8777 8778 8779 8780 8781 8782 8783 8784 8785 8786 8787 8788 8789 8790 8791 8792 8793 8794 8795 8796 8797 8798 8799 
8800 8801 8802 8803 8804 8805 8806 8807 8808 8809 8810 8811 8812 8813 8814 8815 8816 8817 8818 8819 8820 8821 8822 8823 8824 8825 8826 8827 8828 8829 8830 8831 8832 8833 8834 8835 8836 8837 8838 8839 8840 8841 8842 8843 8844 8845 8846 8847 8848 8849 8850 8851 8852 8853 8854 8855 8856 8857 8858 8859 8860 8861 8862 8863 8864 8865 8866 8867 8868 8869 8870 8871 8872 8873 8874 8875 8876 8877 8878 8879 8880 8881 8882 8883 8884 8885 8886 8887 8888 8889 8890 8891 8892 8893 8894 8895 8896 8897 8898 8899 
8900 8901 8902 8903 8904 8905 8906 8907 8908 8909 8910 8911 8912 8913 8914 8915 8916 8917 8918 8919 8920 8921 8922 8923 8924 8925 8926 8927 8928 8929 8930 8931 8932 8933 8934 8935 8936 8937 8938 8939 8940 8941 8942 8943 8944 8945 8946 8947 8948 8949 8950 8951 8952 8953 8954 8955 8956 8957 8958 8959 8960 8961 8962 8963 8964 8965 8966 8967 8968 8969 8970 8971 8972 8973 8974 8975 8976 8977 8978 8979 8980 8981 8982 8983 8984 8985 8986 8987 8988 8989 8990 8991 8992 8993 8994 8995 8996 8997 8998 8999 
9000 9001 9002 9003 9004 9005 9006 9007 9008 9009 9010 9011 9012 9013 9014 9015 9016 9017 9018 9019 9020 9021 9022 9023 9024 9025 9026 9027 9028 9029 9030 9031 9032 9033 9034 9035 9036 9037 9038 9039 9040 9041 9042 9043 9044 9045 9046 9047 9048 9049 9050 9051 9052 9053 9054 9055 9056 9057 9058 9059 9060 9061 9062 9063 9064 9065 9066 9067 9068 9069 9070 9071 9072 9073 9074 9075 9076 9077 9078 9079 9080 9081 9082 9083 9084 9085 9086 9087 9088 9089 9090 9091 9092 9093 9094 9095 9096 9097 9098 9099 
9100 9101 9102 9103 9104 9105 9106 9107 9108 9109 9110 9111 9112 9113 9114 9115 9116 9117 9118 9119 9120 9121 9122 9123 9124 9125 9126 9127 9128 9129 9130 9131 9132 9133 9134 9135 9136 9137 9138 9139 9140 9141 9142 9143 9144 9145 9146 9147 9148 9149 9150 9151 9152 9153 9154 9155 9156 9157 9158 9159 9160 9161 9162 9163 9164 9165 9166 9167 9168 9169 9170 9171 9172 9173 9174 9175 9176 9177 9178 9179 9180 9181 9182 9183 9184 9185 9186 9187 9188 9189 9190 9191 9192 9193 9194 9195 9196 9197 9198 9199 
9200 9201 9202 9203 9204 9205 9206 9207 9208 9209 9210 9211 9212 9213 9214 9215 9216 9217 9218 9219 9220 9221 9222 9223 9224 9225 9226 9227 9228 9229 9230 9231 9232 9233 9234 9235 9236 9237 9238 9239 9240 9241 9242 9243 9244 9245 9246 9247 9248 9249 9250 9251 9252 9253 9254 9255 9256 9257 9258 9259 9260 9261 9262 9263 9264 9265 9266 9267 9268 9269 9270 9271 9272 9273 9274 9275 9276 9277 9278 9279 9280 9281 9282 9283 9284 9285 9286 9287 9288 9289 9290 9291 9292 9293 9294 9295 9296 9297 9298 9299 
9300 9301 9302 9303 9304 9305 9306 9307 9308 9309 9310 9311 9312 9313 9314 9315 9316 9317 9318 9319 9320 9321 9322 9323 9324 9325 9326 9327 9328 9329 9330 9331 9332 9333 9334 9335 9336 9337 9338 9339 9340 9341 9342 9343 9344 9345 9346 9347 9348 9349 9350 9351 9352 9353 9354 9355 9356 9357 9358 9359 9360 9361 9362 9363 9364 9365 9366 9367 9368 9369 9370 9371 9372 9373 9374 9375 9376 9377 9378 9379 9380 9381 9382 9383 9384 9385 9386 9387 9388 9389 9390 9391 9392 9393 9394 9395 9396 9397 9398 9399 
9400 9401 9402 9403 9404 9405 9406 9407 9408 9409 9410 9411 9412 9413 9414 9415 9416 9417 9418 9419 9420 9421 9422 9423 9424 9425 9426 9427 9428 9429 9430 9431 9432 9433 9434 9435 9436 9437 9438 9439 9440 9441 9442 9443 9444 9445 9446 9447 9448 9449 9450 9451 9452 9453 9454 9455 9456 9457 9458 9459 9460 9461 9462 9463 9464 9465 9466 9467 9468 9469 9470 9471 9472 9473 9474 9475 9476 9477 9478 9479 9480 9481 9482 9483 9484 9485 9486 9487 9488 9489 9490 9491 9492 9493 9494 9495 9496 9497 9498 9499 
9500 9501 9502 9503 9504 9505 9506 9507 9508 9509 9510 9511 9512 9513 9514 9515 9516 9517 9518 9519 9520 9521 9522 9523 9524 9525 9526 9527 9528 9529 9530 9531 9532 9533 9534 9535 9536 9537 9538 9539 9540 9541 9542 9543 9544 9545 9546 9547 9548 9549 9550 9551 9552 9553 9554 9555 9556 9557 9558 9559 9560 9561 9562 9563 9564 9565 9566 9567 9568 9569 9570 9571 9572 9573 9574 9575 9576 9577 9578 9579 9580 9581 9582 9583 9584 9585 9586 9587 9588 9589 9590 9591 9592 9593 9594 9595 9596 9597 9598 9599 
9600 9601 9602 9603 9604 9605 9606 9607 9608 9609 9610 9611 9612 9613 9614 9615 9616 9617 9618 9619 9620 9621 9622 9623 9624 9625 9626 9627 9628 9629 9630 9631 9632 9633 9634 9635 9636 9637 9638 9639 9640 9641 9642 9643 9644 9645 9646 9647 9648 9649 9650 9651 9652 9653 9654 9655 9656 9657 9658 9659 9660 9661 9662 9663 9664 9665 9666 9667 9668 9669 9670 9671 9672 9673 9674 9675 9676 9677 9678 9679 9680 9681 9682 9683 9684 9685 9686 9687 9688 9689 9690 9691 9692 9693 9694 9695 9696 9697 9698 9699 
9700 9701 9702 9703 9704 9705 9706 9707 9708 9709 9710 9711 9712 9713 9714 9715 9716 9717 9718 9719 9720 9721 9722 9723 9724 9725 9726 9727 9728 9729 9730 9731 9732 9733 9734 9735 9736 9737 9738 9739 9740 9741 9742 9743 9744 9745 9746 9747 9748 9749 9750 9751 9752 9753 9754 9755 9756 9757 9758 9759 9760 9761 9762 9763 9764 9765 9766 9767 9768 9769 9770 9771 9772 9773 9774 9775 9776 9777 9778 9779 9780 9781 9782 9783 9784 9785 9786 9787 9788 9789 9790 9791 9792 9793 9794 9795 9796 9797 9798 9799 
9800 9801 9802 9803 9804 9805 9806 9807 9808 9809 9810 9811 9812 9813 9814 9815 9816 9817 9818 9819 9820 9821 9822 9823 9824 9825 9826 9827 9828 9829 9830 9831 9832 9833 9834 9835 9836 9837 9838 9839 9840 9841 9842 9843 9844 9845 9846 9847 9848 9849 9850 9851 9852 9853 9854 9855 9856 9857 9858 9859 9860 9861 9862 9863 9864 9865 9866 9867 9868 9869 9870 9871 9872 9873 9874 9875 9876 9877 9878 9879 9880 9881 9882 9883 9884 9885 9886 9887 9888 9889 9890 9891 9892 9893 9894 9895 9896 9897 9898 9899 
9900 9901 9902 9903 9904 9905 9906 9907 9908 9909 9910 9911 9912 9913 9914 9915 9916 9917 9918 9919 9920 9921 9922 9923 9924 9925 9926 9927 9928 9929 9930 9931 9932 9933 9934 9935 9936 9937 9938 9939 9940 9941 9942 9943 9944 9945 9946 9947 9948 9949 9950 9951 9952 9953 9954 9955 9956 9957 9958 9959 9960 9961 9962 9963 9964 9965 9966 9967 9968 9969 9970 9971 9972 9973 9974 9975 9976 9977 9978 9979 9980 9981 9982 9983 9984 9985 9986 9987 9988 9989 9990 9991 9992 9993 9994 9995 9996 9997 9998 9999 
1
a0 a1 a2 a3 a4 
100
68 101 220 359 449 552 660 727 806 917 1068 1114 1277 1397 1419 1597 1639 1769 1856 1992 2017 2137 2263 2346 2409 2556 2688 2712 2820 2927 3077 3121 3252 3337 3433 3508 3690 3746 3811 3978 4082 4181 4249 4385 4416 4535 4605 4784 4894 4914 5046 5199 5269 5355 5469 5531 5638 5773 5849 5993 6063 6147 6206 6379 6440 6546 6661 6739 6863 6911 7007 7192 7257 7377 7410 7535 7687 7778 7829 7973 8051 8104 8218 8306 8481 8577 8652 8797 8868 8902 9070 9116 9296 9318 9415 9534 9674 9770 9845 9970 a3
65 120 283 306 453 541 691 745 834 943 1060 1143 1276 1341 1458 1529 1600 1798 1862 1994 2064 2171 2261 2340 2490 2596 2639 2762 2875 2961 3016 3133 3259 3399 3485 3583 3634 3700 3827 3935 4060 4152 4234 4358 4410 4572 4619 4776 4856 4905 5074 5172 5282 5375 5410 5593 5659 5742 5815 5956 6002 6129 6269 6372 6427 6526 6684 6777 6855 6975 7095 7100 7270 7326 7433 7512 7637 7702 7830 7917 8076 8162 8206 8370 8486 8544 8650 8783 8889 8992 9024 9191 9284 9370 9433 9531 9682 9761 9831 9983 a4
42 120 280 310 474 502 656 742 898 956 1056 1112 1297 1380 1439 1523 1699 1786 1883 1976 2000 2187 2263 2351 2403 2515 2699 2793 2801 2929 3075 3171 3247 3329 3433 3542 3625 3760 3812 3941 4094 4141 4290 4335 4467 4579 4686 4790 4893 4908 5083 5174 5248 5306 5487 5554 5656 5729 5806 5958 6002 6162 6240 6368 6480 6585 6664 6768 6846 6997 7097 7138 7274 7341 7482 7559 7697 7727 7883 7924 8029 8109 8299 8393 8446 8501 8623 8740 8841 8978 9085 9195 9254 9353 9439 9531 9600 9722 9855 9982 a0
17 143 296 310 444 500 606 724 828 957 1029 1145 1281 1329 1493 1563 1647 1722 1879 1961 2024 2127 2268 2312 2402 2584 2620 2701 2850 2958 3074 3172 3201 3310 3411 3565 3603 3783 3801 3900 4016 4115 4213 4320 4455 4549 4672 4724 4846 4968 5053 5199 5276 5321 5489 5590 5675 5783 5808 5960 6080 6104 6274 6369 6483 6557 6644 6770 6817 6928 7060 7164 7221 7379 7444 7508 7614 7747 7856 7952 8011 8196 8255 8382 8405 8574 8695 8780 8820 8921 9089 9119 9274 9341 9420 9511 9641 9743 9837 9998 a0
2 106 217 307 489 578 697 776 881 976 1028 1127 1255 1348 1483 1549 1691 1764 1808 1961 2063 2149 2296 2339 2440 2589 2679 2759 2832 2966 3070 3109 3257 3346 3409 3590 3638 3774 3815 3996 4098 4103 4239 4345 4460 4591 4618 4793 4836 4962 5050 5179 5229 5337 5441 5552 5609 5778 5866 5900 6099 6138 6243 6314 6405 6518 6670 6709 6838 6993 7011 7116 7248 7312 7462 7560 7610 7751 7878 7949 8070 8186 8222 8369 8416 8590 8680 8719 8805 8957 9080 9159 9207 9315 9497 9560 9660 9724 9839 9942 a1
9 154 242 351 433 531 616 775 881 941 1057 1100 1217 1329 1412 1515 1673 1798 1814 1937 2050 2104 2280 2313 2451 2508 2632 2715 2801 2900 3086 3112 3236 3327 3460 3531 3679 3718 3883 3959 4063 4144 4223 4316 4422 4559 4690 4785 4884 4945 5086 5125 5224 5304 5471 5505 5674 5729 5899 5924 6098 6101 6273 6381 6454 6545 6664 6789 6868 6980 7035 7155 7214 7355 7474 7505 7680 7764 7890 7992 8018 8146 8230 8356 8414 8560 8687 8732 8856 8955 9057 9150 9218 9359 9460 9562 9671 9742 9862 9976 a4
0 116 203 309 430 510 669 729 866 924 1010 1139 1207 1305 1451 1571 1616 1767 1893 1958 2031 2133 2213 2323 2485 2537 2655 2794 2812 2933 3038 3101 3213 3397 3417 3530 3627 3746 3883 3949 4018 4102 4290 4330 4447 4511 4611 4753 4808 4991 5054 5174 5268 5318 5463 5567 5603 5780 5824 5993 6055 6174 6217 6332 6486 6508 6625 6709 6887 6921 7043 7170 7283 7343 7439 7529 7642 7782 7876 7974 8026 8101 8285 8321 8478 8563 8633 8794 8834 8950 9026 9147 9221 9390 9494 9543 9684 9757 9844 9938 a4
1 165 287 347 484 590 624 779 833 924 1020 1103 1250 1367 1453 1589 1696 1753 1822 1975 2031 2175 2237 2394 2496 2548 2693 2749 2896 2944 3084 3137 3237 3388 3424 3536 3698 3774 3894 3973 4008 4115 4200 4325 4406 4543 4671 4723 4841 4954 5088 5104 5222 5363 5454 5525 5628 5792 5850 5936 6097 6175 6282 6388 6439 6582 6666 6761 6842 6917 7091 7122 7259 7349 7466 7515 7674 7711 7888 7953 8077 8170 8208 8342 8456 8580 8615 8773 8834 8999 9007 9105 9223 9357 9475 9532 9632 9711 9886 9923 a3
9 180 223 363 465 544 673 797 838 950 1017 1104 1296 1358 1426 1567 1640 1731 1859 1967 2092 2127 2242 2309 2485 2598 2601 2773 2834 2983 3062 3125 3264 3377 3468 3589 3684 3778 3891 3936 4042 4176 4296 4348 4490 4500 4627 4799 4849 4964 5091 5180 5226 5355 5483 5582 5638 5713 5877 5966 6042 6199 6263 6354 6487 6592 6639 6719 6890 6936 7083 7162 7240 7323 7425 7516 7630 7794 7819 7984 8071 8102 8224 8369 8492 8582 8698 8709 8893 8986 9051 9170 9201 9324 9493 9542 9613 9742 9860 9997 a3
7 108 212 381 429 539 603 730 867 951 1043 1194 1292 1395 1439 1575 1694 1762 1805 1993 2030 2126 2204 2385 2412 2560 2615 2729 2883 2903 3088 3133 3221 3323 3463 3594 3611 3787 3862 3942 4094 4178 4225 4334 4407 4576 4608 4729 4853 4966 5019 5179 5255 5303 5431 5581 5604 5727 5869 5968 6024 6173 6246 6364 6463 6510 6672 6769 6831 6945 7064 7106 7299 7362 7499 7551 7600 7769 7877 7935 8052 8186 8276 8317 8484 8508 8678 8717 8891 8981 9090 9184 9217 9394 9418 9520 9631 9761 9871 9997 a0
38 197 208 301 412 579 692 704 879 981 1034 1149 1233 1315 1438 1597 1629 1779 1854 1931 2054 2177 2250 2355 2479 2588 2605 2743 2878 2919 3038 3198 3279 3331 3414 3588 3667 3715 3872 3929 4085 4113 4212 4300 4455 4534 4684 4778 4880 4922 5002 5182 5216 5366 5450 5560 5647 5752 5822 5923 6073 6148 6225 6359 6442 6535 6669 6701 6801 6949 7030 7114 7207 7325 7445 7540 7665 7749 7899 7944 8004 8127 8263 8356 8417 8556 8682 8713 8881 8953 9040 9114 9293 9348 9455 9536 9687 9753 9857 9920 a3
82 176 230 392 487 574 690 720 809 995 1098 1153 1277 1318 1446 1585 1669 1741 1886 1953 2055 2120 2247 2308 2415 2521 2658 2770 2808 2952 3012 3191 3279 3379 3421 3550 3632 3763 3830 3982 4091 4193 4271 4358 4442 4561 4616 4730 4808 4951 5018 5111 5271 5366 5409 5561 5629 5722 5877 5966 6015 6120 6211 6356 6482 6506 6673 6797 6896 6996 7052 7106 7211 7304 7461 7562 7649 7789 7865 7953 8004 8128 8261 8357 8434 8500 8620 8712 8870 8960 9021 9110 9285 9363 9466 9571 9682 9714 9875 9936 a4
18 133 212 398 412 500 667 705 847 912 1039 1156 1223 1361 1487 1558 1653 1722 1882 1985 2061 2127 2236 2375 2441 2520 2647 2737 2890 2980 3035 3113 3229 3365 3485 3595 3649 3758 3822 3900 4053 4107 4223 4347 4481 4554 4661 4701 4878 4912 5028 5192 5293 5350 5426 5591 5696 5737 5857 5992 6052 6129 6215 6366 6477 6526 6626 6758 6875 6992 7008 7195 7200 7381 7432 7553 7603 7788 7893 7987 8058 8145 8258 8377 8451 8542 8620 8778 8839 8994 9098 9112 9201 9329 9448 9523 9692 9756 9870 9955 a1
3 126 286 304 432 591 612 717 872 987 1007 1143 1269 1334 1406 1570 1637 1714 1834 1906 2048 2118 2281 2393 2495 2594 2670 2732 2808 2961 3047 3118 3238 3359 3454 3519 3672 3773 3819 3951 4007 4160 4266 4306 4491 4569 4631 4795 4841 4953 5054 5141 5236 5349 5479 5585 5644 5793 5808 5938 6020 6179 6208 6310 6440 6589 6604 6709 6880 6986 7098 7164 7295 7382 7498 7587 7651 7775 7801 7926 8062 8175 8290 8355 8406 8505 8681 8789 8880 8968 9075 9178 9264 9380 9430 9527 9651 9756 9866 9902 a3
22 115 254 355 490 546 653 750 892 933 1069 1191 1282 1376 1445 1589 1653 1703 1834 1907 2015 2129 2211 2311 2419 2500 2614 2752 2870 2935 3095 3108 3299 3361 3440 3559 3635 3700 3816 3959 4027 4138 4287 4335 4406 4586 4682 4704 4884 4938 5098 5152 5232 5394 5449 5592 5604 5743 5835 5990 6031 6101 6280 6357 6437 6560 6691 6720 6835 6985 7053 7153 7287 7374 7480 7576 7641 7776 7805 7932 8017 8110 8267 8331 8436 8543 8676 8705 8812 8947 9055 9192 9264 9326 9428 9526 9658 9730 9897 9945 a4
62 168 299 385 445 565 657 713 872 951 1028 1137 1202 1372 1421 1533 1648 1720 1894 1983 2086 2107 2288 2329 2460 2588 2660 2745 2854 2918 3011 3178 3259 3337 3455 3541 3668 3746 3891 3978 4018 4191 4239 4396 4427 4554 4661 4754 4807 4992 5010 5110 5202 5361 5408 5554 5680 5769 5824 5956 6004 6112 6259 6354 6439 6549 6677 6765 6817 6979 7065 7101 7228 7315 7465 7594 7668 7791 7802 7906 8026 8105 8238 8361 8407 8501 8675 8798 8828 8901 9061 9199 9222 9334 9473 9506 9631 9785 9856 9978 a3
96 137 227 327 408 581 687 796 813 985 1088 1166 1217 1330 1499 1573 1698 1746 1838 1973 2079 2136 2215 2318 2465 2579 2693 2742 2858 2963 3082 3135 3224 3329 3429 3568 3610 3733 3899 3919 4088 4101 4215 4315 4472 4532 4604 4704 4874 4932 5033 5138 5218 5304 5496 5560 5621 5708 5861 5929 6087 6144 6237 6350 6403 6553 6642 6787 6800 6930 7063 7164 7247 7318 7484 7578 7621 7700 7845 7932 8074 8188 8267 8326 8430 8543 8617 8719 8833 8969 9047 9101 9272 9369 9432 9543 9663 9764 9812 9919 a4
16 104 243 369 468 591 699 720 818 938 1020 1162 1229 1354 1498 1577 1611 1720 1859 1936 2023 2154 2230 2383 2461 2592 2677 2786 2840 2914 3056 3188 3226 3342 3458 3584 3623 3756 3861 3952 4017 4198 4214 4330 4426 4538 4642 4715 4834 4966 5051 5144 5252 5383 5466 5561 5674 5760 5807 5976 6013 6113 6279 6304 6482 6532 6636 6786 6895 6914 7053 7154 7258 7306 7418 7524 7640 7799 7856 7922 8049 8162 8251 8373 8462 8512 8635 8743 8876 8997 9009 9162 9249 9385 9439 9504 9618 9710 9848 9994 a0
56 119 220 312 496 585 646 765 841 920 1075 1103 1284 1326 1450 1561 1605 1741 1869 1996 2093 2110 2298 2304 2490 2505 2673 2767 2813 2905 3030 3150 3262 3320 3492 3543 3631 3761 3866 3926 4089 4178 4234 4376 4434 4559 4664 4758 4888 4943 5013 5168 5279 5397 5409 5546 5620 5715 5822 5991 6012 6179 6251 6335 6490 6524 6641 6764 6833 6907 7029 7144 7275 7342 7407 7515 7675 7722 7869 7931 8041 8114 8278 8370 8492 8561 8671 8764 8811 8946 9022 9115 9238 9375 9414 9509 9626 9798 9886 9910 a0
0 125 280 313 468 593 636 790 894 970 1098 1145 1290 1349 1497 1500 1680 1742 1828 1953 2076 2153 2286 2385 2413 2505 2600 2727 2897 2988 3077 3136 3259 3314 3441 3589 3698 3757 3824 3968 4035 4174 4217 4376 4423 4570 4648 4725 4816 4909 5046 5155 5257 5357 5440 5546 5638 5794 5899 5962 6093 6108 6292 6305 6492 6562 6686 6776 6808 6908 7002 7123 7218 7360 7417 7502 7635 7710 7862 7943 8057 8174 8211 8388 8441 8521 8678 8702 8873 8994 9050 9103 9257 9362 9475 9526 9682 9711 9883 9961 a4
72 116 207 307 423 537 697 739 838 911 1028 1132 1255 1305 1418 1597 1604 1764 1871 1983 2083 2102 2214 2357 2499 2565 2656 2784 2891 2919 3024 3126 3200 3359 3484 3558 3603 3781 3818 3984 4080 4163 4235 4383 4422 4570 4602 4756 4857 4929 5078 5147 5212 5377 5400 5570 5602 5750 5807 5957 6081 6112 6247 6318 6486 6501 6631 6795 6820 6960 7094 7122 7245 7386 7403 7519 7667 7731 7835 7928 8062 8199 8227 8362 8441 8576 8613 8723 8859 8914 9055 9153 9273 9360 9402 9568 9616 9716 9896 9921 a1
6 135 296 335 455 501 625 774 881 902 1071 1114 1279 1394 1481 1584 1685 1777 1810 1987 2008 2136 2206 2304 2440 2549 2685 2783 2834 2903 3051 3134 3213 3390 3456 3563 3630 3726 3886 3975 4088 4149 4277 4311 4483 4538 4694 4765 4821 4983 5030 5138 5286 5333 5430 5569 5629 5792 5894 5905 6016 6141 6239 6377 6451 6536 6601 6788 6838 6918 7053 7158 7291 7334 7499 7558 7658 7794 7821 7902 8055 8119 8262 8351 8472 8512 8648 8780 8860 8986 9033 9138 9232 9380 9459 9546 9610 9700 9860 9946 a1
5 126 203 329 471 547 651 734 871 910 1035 1170 1291 1350 1496 1579 1687 1704 1839 1987 2021 2128 2251 2384 2415 2526 2610 2775 2853 2948 3058 3133 3274 3365 3450 3592 3659 3722 3801 3964 4097 4145 4289 4375 4498 4567 4640 4730 4862 4967 5022 5195 5221 5358 5415 5577 5675 5718 5814 5945 6036 6175 6281 6322 6452 6501 6696 6726 6800 6903 7019 7165 7203 7374 7490 7575 7638 7776 7886 7947 8085 8180 8213 8385 8426 8563 8612 8715 8849 8972 9017 9140 9207 9355 9427 9521 9664 9766 9823 9996 a3
14 129 258 347 456 591 646 768 840 938 1099 1132 1267 1359 1455 1562 1695 1796 1888 1989 2080 2176 2227 2386 2478 2557 2648 2746 2868 2910 3072 3152 3289 3375 3471 3550 3654 3738 3869 3972 4066 4147 4208 4334 4418 4508 4640 4796 4871 4959 5069 5170 5235 5306 5491 5538 5602 5772 5869 5998 6043 6199 6299 6330 6465 6546 6642 6791 6888 6904 7007 7157 7226 7315 7423 7532 7667 7792 7867 7970 8017 8151 8275 8309 8440 8502 8617 8783 8884 8933 9048 9182 9268 9371 9429 9566 9648 9778 9868 9972 a3
49 108 267 351 412 543 619 783 858 970 1009 1105 1298 1381 1491 1524 1689 1790 1863 1929 2059 2106 2254 2356 2425 2588 2655 2786 2856 2984 3089 3124 3295 3305 3467 3543 3607 3758 3827 3958 4098 4199 4226 4362 4438 4577 4670 4789 4837 4942 5058 5188 5204 5343 5405 5542 5653 5710 5825 5924 6088 6132 6226 6373 6481 6585 6609 6793 6813 6948 7016 7131 7262 7305 7430 7560 7680 7792 7817 7948 8017 8165 8248 8314 8425 8501 8619 8752 8899 8925 9089 9197 9232 9303 9470 9565 9672 9752 9881 9953 a3
77 176 289 325 427 525 699 712 845 961 1061 1192 1276 1306 1422 1583 1612 1748 1880 1966 2057 2193 2288 2358 2419 2598 2658 2734 2864 2987 3028 3110 3264 3381 3440 3589 3658 3788 3898 3975 4019 4139 4253 4363 4428 4504 4656 4797 4848 4982 5060 5103 5201 5387 5410 5583 5687 5731 5806 5929 6067 6165 6247 6358 6432 6550 6628 6795 6865 6932 7024 7123 7250 7305 7446 7517 7639 7724 7829 7915 8041 8161 8286 8382 8426 8525 8609 8777 8871 8957 9001 9127 9282 9368 9408 9554 9692 9795 9830 9977 a3
61 131 215 357 437 553 695 740 892 943 1063 1102 1291 1387 1405 1578 1665 1732 1807 1940 2051 2123 2207 2330 2497 2540 2681 2797 2891 2925 3044 3193 3251 3339 3480 3530 3670 3725 3888 3971 4013 4136 4278 4314 4438 4525 4691 4781 4802 4975 5027 5162 5223 5336 5424 5537 5623 5784 5860 5997 6072 6198 6248 6367 6498 6569 6650 6751 6806 6975 7008 7139 7243 7336 7427 7514 7645 7793 7892 7972 8049 8199 8294 8316 8497 8581 8670 8714 8814 8942 9006 9185 9265 9391 9499 9514 9687 9711 9815 9969 a3
39 174 227 367 487 519 686 709 810 992 1029 1192 1287 1348 1472 1504 1632 1769 1817 1999 2035 2137 2263 2368 2422 2574 2652 2736 2812 2926 3034 3178 3223 3397 3409 3524 3667 3748 3810 3962 4083 4104 4204 4350 4476 4592 4677 4743 4827 4910 5054 5141 5298 5370 5438 5502 5611 5758 5844 5912 6066 6150 6297 6383 6458 6551 6669 6789 6838 6947 7037 7184 7259 7354 7415 7530 7633 7713 7891 7929 8097 8108 8209 8301 8471 8592 8679 8753 8859 8907 9013 9108 9204 9398 9495 9533 9607 9720 9891 9925 a1
87 104 280 373 470 582 643 754 807 969 1097 1166 1214 1314 1457 1541 1695 1712 1865 1971 2016 2130 2231 2333 2428 2580 2660 2759 2882 2923 3012 3121 3266 3306 3409 3504 3628 3728 3800 3910 4036 4198 4251 4338 4416 4542 4689 4783 4837 4991 5011 5108 5226 5353 5406 5557 5673 5746 5845 5990 6021 6184 6272 6384 6456 6576 6600 6708 6805 6953 7012 7167 7211 7355 7435 7518 7679 7793 7817 7985 8091 8177 8221 8390 8411 8504 8695 8712 8899 8952 9030 9182 9283 9310 9489 9551 9626 9766 9881 9940 a2
80 178 284 379 444 597 670 718 888 977 1080 1129 1259 1399 1444 1563 1681 1773 1852 1980 2088 2109 2252 2322 2430 2583 2601 2766 2883 2991 3012 3111 3277 3344 3410 3599 3637 3711 3866 3906 4024 4193 4210 4375 4450 4552 4623 4710 4844 4988 5044 5193 5228 5359 5453 5571 5625 5761 5849 5961 6095 6104 6235 6396 6464 6568 6652 6715 6889 6944 7025 7170 7206 7345 7455 7594 7698 7777 7872 7977 8060 8190 8221 8394 8447 8519 8682 8717 8890 8939 9073 9176 9261 9305 9410 9520 9658 9713 9810 9981 a0
8 121 299 363 473 586 683 703 859 972 1047 1188 1271 1301 1404 1583 1641 1749 1845 1985 2034 2124 2249 2370 2449 2508 2601 2735 2835 2936 3084 3167 3290 3377 3451 3569 3621 3731 3873 3932 4099 4114 4231 4366 4426 4587 4689 4704 4805 4937 5017 5164 5265 5395 5465 5583 5671 5729 5813 5964 6085 6147 6267 6323 6488 6580 6698 6794 6849 6935 7061 7109 7275 7312 7486 7520 7693 7783 7844 7962 8019 8197 8229 8398 8419 8520 8602 8794 8811 8967 9098 9192 9217 9308 9447 9551 9646 9707 9878 9945 a4
95 154 270 375 407 588 652 709 844 989 1087 1184 1251 1345 1487 1518 1668 1704 1867 1978 2003 2182 2281 2336 2469 2592 2666 2765 2834 2974 3085 3105 3299 3373 3423 3542 3658 3723 3811 3932 4049 4184 4266 4378 4410 4508 4666 4763 4859 4933 5077 5103 5210 5366 5484 5512 5672 5734 5806 5914 6021 6186 6275 6370 6403 6582 6684 6777 6821 6945 7060 7145 7292 7335 7428 7519 7616 7703 7825 7960 8025 8103 8206 8301 8496 8582 8694 8732 8888 8911 9069 9124 9217 9397 9410 9563 9609 9796 9874 9928 a1
88 141 213 372 432 511 675 738 865 996 1069 1108 1245 1388 1418 1580 1674 1774 1821 1987 2052 2188 2210 2375 2435 2527 2695 2724 2865 2910 3020 3129 3297 3337 3437 3561 3692 3728 3864 3970 4019 4194 4223 4315 4400 4515 4672 4708 4892 4982 5034 5121 5252 5340 5471 5500 5631 5738 5836 5904 6016 6150 6272 6355 6476 6539 6611 6707 6851 6956 7087 7145 7209 7351 7468 7557 7665 7795 7875 7919 8055 8187 8232 8382 8475 8598 8677 8756 8865 8936 9030 9153 9291 9360 9453 9569 9621 9768 9838 9960 a0
64 156 236 395 488 512 600 772 813 935 1036 1163 1216 1348 1429 1517 1690 1779 1878 1962 2054 2142 2215 2325 2434 2554 2649 2798 2898 2936 3096 3156 3214 3315 3490 3531 3696 3787 3886 3986 4077 4184 4251 4301 4494 4590 4674 4711 4824 4951 5030 5188 5260 5398 5450 5522 5640 5710 5860 5934 6062 6102 6273 6377 6438 6580 6648 6701 6857 6998 7021 7103 7293 7391 7485 7569 7690 7713 7831 7943 8080 8137 8274 8346 8405 8508 8695 8716 8864 8968 9090 9185 9226 9352 9423 9574 9610 9774 9863 9914 a2
72 154 225 330 427 595 669 713 880 932 1026 1179 1217 1354 1425 1528 1627 1771 1829 1984 2032 2137 2289 2308 2436 2576 2640 2768 2810 2959 3015 3150 3217 3301 3407 3583 3648 3716 3878 3913 4026 4102 4284 4335 4463 4505 4608 4798 4897 4946 5083 5102 5233 5329 5409 5535 5664 5717 5893 5950 6054 6100 6203 6321 6416 6575 6662 6715 6846 6942 7079 7110 7293 7315 7458 7529 7653 7753 7844 7930 8068 8142 8270 8363 8475 8512 8617 8788 8892 8971 9018 9131 9222 9327 9459 9525 9699 9762 9818 9987 a2
92 151 255 367 472 509 617 770 879 982 1010 1172 1263 1382 1411 1530 1640 1745 1804 1958 2074 2123 2275 2323 2448 2588 2666 2756 2833 2930 3090 3135 3256 3387 3475 3591 3614 3795 3802 3903 4099 4117 4212 4389 4407 4558 4659 4744 4847 4995 5059 5117 5214 5329 5469 5569 5676 5732 5819 5984 6042 6161 6237 6349 6492 6575 6615 6776 6807 6920 7015 7144 7242 7300 7459 7556 7610 7785 7816 7989 8029 8121 8209 8337 8470 8572 8620 8727 8818 8906 9015 9182 9276 9317 9460 9538 9680 9763 9896 9931 a2
82 137 226 379 415 574 613 770 812 958 1090 1116 1229 1355 1421 1552 1699 1778 1819 1955 2088 2158 2201 2305 2433 2567 2624 2740 2820 2976 3047 3188 3284 3347 3446 3584 3682 3758 3855 3997 4007 4157 4205 4347 4424 4566 4647 4762 4839 4986 5081 5184 5277 5376 5454 5524 5636 5721 5846 5947 6050 6173 6249 6336 6410 6501 6631 6782 6809 6936 7070 7141 7223 7321 7447 7530 7652 7753 7880 7966 8020 8162 8200 8334 8494 8562 8611 8707 8892 8921 9048 9160 9211 9307 9447 9534 9608 9769 9836 9923 a1
65 152 202 315 440 561 655 728 823 971 1082 1141 1279 1327 1487 1572 1614 1741 1848 1989 2024 2189 2287 2388 2409 2529 2615 2773 2813 2922 3083 3116 3256 3332 3455 3509 3697 3718 3854 3900 4055 4178 4269 4349 4466 4519 4631 4779 4859 4961 5093 5127 5288 5334 5410 5575 5665 5714 5806 5910 6045 6182 6215 6300 6488 6565 6684 6747 6872 6978 7074 7195 7286 7347 7434 7545 7619 7737 7822 7990 8098 8136 8213 8351 8429 8555 8628 8722 8822 8979 9044 9183 9212 9344 9454 9573 9663 9769 9861 9900 a1
84 106 281 387 497 540 641 700 864 956 1027 1192 1215 1312 1409 1568 1663 1771 1832 1936 2061 2125 2293 2333 2491 2583 2642 2792 2860 2982 3050 3176 3221 3355 3413 3529 3632 3764 3831 3915 4087 4122 4258 4323 4417 4591 4696 4731 4845 4905 5099 5198 5228 5363 5473 5559 5613 5748 5896 5914 6097 6148 6239 6381 6405 6550 6670 6760 6898 6980 7035 7199 7239 7317 7449 7538 7666 7770 7815 7999 8086 8110 8247 8355 8482 8552 8647 8757 8881 8954 9016 9184 9268 9317 9417 9538 9683 9776 9817 9966 a1
35 133 264 369 400 558 611 714 834 992 1042 1132 1296 1327 1486 1501 1684 1799 1853 1903 2012 2179 2243 2364 2451 2530 2621 2700 2810 2955 3090 3152 3249 3378 3451 3577 3682 3785 3882 3993 4036 4143 4246 4362 4473 4551 4671 4790 4830 4937 5098 5177 5264 5363 5408 5556 5690 5799 5817 5969 6037 6111 6204 6379 6401 6590 6682 6717 6876 6909 7018 7198 7217 7359 7466 7569 7632 7780 7891 7999 8059 8130 8269 8372 8456 8513 8688 8785 8870 8994 9087 9183 9268 9312 9455 9525 9639 9767 9861 9982 a3
53 114 220 319 400 560 604 797 838 923 1009 1108 1217 1310 1407 1541 1631 1722 1887 1902 2097 2147 2281 2322 2435 2530 2604 2704 2841 2930 3064 3119 3208 3331 3405 3515 3648 3753 3856 3953 4083 4188 4231 4370 4477 4574 4650 4701 4848 4983 5007 5145 5273 5380 5471 5506 5633 5798 5884 5969 6055 6100 6255 6308 6459 6589 6600 6786 6805 6991 7092 7177 7265 7334 7418 7508 7616 7710 7844 7960 8080 8103 8255 8357 8422 8519 8645 8727 8859 8998 9082 9149 9269 9386 9498 9583 9632 9722 9811 9987 a3
63 195 257 390 430 579 639 762 862 990 1022 1154 1223 1389 1451 1544 1698 1786 1839 1944 2072 2127 2207 2308 2442 2508 2678 2735 2834 2976 3093 3199 3256 3386 3416 3507 3698 3766 3892 3939 4006 4165 4296 4308 4460 4595 4645 4797 4846 4939 5033 5136 5271 5343 5400 5536 5688 5748 5848 5921 6001 6103 6227 6386 6496 6522 6698 6736 6872 6943 7045 7132 7294 7300 7437 7507 7630 7798 7847 7947 8062 8181 8289 8395 8442 8557 8627 8712 8885 8980 9019 9149 9218 9370 9438 9503 9637 9710 9811 9937 a4
9 124 202 393 401 541 671 706 893 906 1089 1101 1200 1358 1419 1513 1631 1743 1839 1995 2085 2150 2292 2324 2495 2514 2623 2761 2834 2970 3019 3187 3209 3350 3453 3556 3686 3701 3841 3915 4056 4106 4292 4374 4429 4548 4617 4712 4818 4989 5005 5167 5271 5342 5411 5558 5632 5778 5898 5987 6018 6109 6271 6322 6486 6502 6691 6749 6805 6963 7027 7130 7202 7323 7438 7579 7657 7718 7894 7947 8096 8111 8243 8345 8464 8552 8615 8766 8839 8994 9024 9108 9203 9354 9497 9547 9635 9770 9887 9927 a2
67 106 255 361 475 565 647 704 831 901 1013 1183 1250 1391 1406 1565 1625 1757 1834 1986 2025 2110 2210 2338 2419 2526 2648 2726 2891 2944 3087 3131 3267 3391 3428 3504 3687 3783 3889 3986 4068 4162 4207 4393 4410 4524 4652 4762 4890 4981 5009 5112 5252 5341 5430 5557 5696 5716 5842 5948 6017 6121 6212 6387 6413 6582 6616 6759 6862 6902 7078 7142 7268 7347 7418 7563 7603 7717 7827 7995 8073 8185 8235 8310 8435 8574 8678 8725 8860 8970 9008 9171 9240 9340 9469 9546 9649 9719 9879 9928 a0
93 199 288 303 466 544 604 723 867 953 1078 1189 1247 1375 1432 1585 1602 1752 1838 1904 2091 2199 2291 2393 2406 2501 2627 2778 2871 2913 3083 3137 3299 3387 3480 3585 3646 3707 3868 3930 4073 4102 4292 4317 4429 4582 4693 4765 4837 4960 5046 5167 5240 5324 5416 5593 5607 5794 5896 5965 6017 6126 6251 6354 6470 6541 6689 6759 6894 6946 7038 7195 7284 7308 7430 7588 7607 7774 7864 7924 8008 8161 8240 8310 8466 8516 8696 8774 8871 8986 9077 9152 9210 9302 9412 9546 9650 9738 9846 9987 a4
33 171 290 321 451 583 632 793 827 986 1033 1130 1271 1357 1455 1585 1640 1787 1853 1945 2014 2188 2208 2369 2486 2584 2681 2795 2884 2937 3068 3128 3276 3332 3474 3590 3650 3789 3815 3933 4063 4181 4244 4399 4444 4521 4639 4745 4857 4960 5010 5151 5292 5342 5477 5544 5662 5721 5835 5966 6001 6136 6209 6389 6417 6505 6653 6738 6882 6965 7035 7151 7271 7320 7481 7533 7644 7708 7825 7964 8045 8135 8238 8323 8427 8517 8635 8733 8855 8930 9027 9129 9254 9348 9431 9527 9672 9754 9881 9939 a3
0 163 291 325 458 579 672 761 844 900 1054 1195 1270 1321 1466 1598 1686 1762 1800 1969 2020 2183 2252 2338 2406 2597 2622 2789 2854 2961 3089 3126 3286 3396 3444 3571 3647 3797 3868 3937 4062 4172 4210 4329 4472 4533 4683 4727 4865 4928 5085 5192 5281 5369 5447 5517 5611 5752 5819 5961 6056 6182 6207 6382 6411 6528 6609 6773 6877 6994 7051 7188 7293 7362 7407 7548 7672 7722 7866 7972 8013 8195 8223 8325 8475 8596 8645 8716 8849 8926 9060 9194 9278 9307 9480 9579 9664 9727 9817 9944 a1
10 149 270 377 497 599 618 762 899 944 1088 1186 1246 1347 1461 1558 1682 1707 1814 1983 2092 2124 2251 2334 2456 2510 2685 2781 2827 2983 3044 3105 3221 3349 3403 3546 3653 3747 3878 3997 4026 4154 4249 4381 4471 4508 4631 4759 4819 4920 5082 5120 5203 5361 5430 5586 5698 5736 5821 5986 6013 6136 6235 6316 6400 6583 6664 6797 6844 6915 7005 7134 7229 7317 7456 7538 7674 7769 7862 7948 8078 8126 8262 8306 8401 8524 8601 8760 8818 8916 9047 9116 9226 9391 9483 9589 9619 9733 9881 9987 a2
34 114 204 315 447 591 686 704 892 911 1029 1173 1273 1308 1487 1574 1629 1714 1875 1981 2004 2178 2228 2367 2489 2508 2637 2733 2866 2918 3041 3187 3274 3305 3444 3511 3658 3790 3853 3932 4015 4155 4225 4304 4418 4542 4653 4783 4896 4915 5090 5118 5205 5306 5438 5555 5686 5737 5826 5938 6053 6152 6237 6373 6470 6541 6698 6767 6863 6976 7016 7138 7260 7342 7466 7548 7653 7723 7848 7946 8055 8154 8236 8351 8428 8522 8681 8768 8866 8988 9024 9120 9264 9315 9479 9562 9617 9751 9834 9977 a2
85 119 220 399 452 557 662 739 889 902 1063 1188 1279 1383 1499 1515 1686 1745 1848 1959 2029 2101 2274 2352 2495 2573 2645 2763 2803 2931 3001 3188 3271 3302 3470 3534 3616 3751 3876 3964 4019 4128 4276 4386 4460 4531 4685 4732 4879 4947 5031 5106 5286 5317 5414 5583 5644 5767 5804 5978 6012 6198 6236 6358 6400 6575 6617 6777 6812 6965 7098 7134 7269 7383 7440 7500 7624 7788 7891 7963 8088 8113 8283 8355 8499 8595 8602 8753 8887 8986 9089 9148 9247 9397 9452 9520 9692 9718 9886 9985 a0
7 119 214 348 496 536 603 777 813 959 1056 1176 1241 1390 1498 1515 1681 1758 1805 1972 2064 2189 2226 2375 2449 2587 2671 2730 2819 2908 3006 3102 3206 3348 3480 3594 3669 3707 3803 3958 4099 4176 4274 4327 4433 4572 4605 4707 4853 4905 5010 5159 5281 5312 5450 5518 5693 5738 5898 5908 6065 6172 6257 6304 6453 6554 6669 6792 6809 6904 7045 7173 7254 7346 7473 7587 7615 7799 7842 7977 8081 8163 8277 8314 8497 8546 8621 8794 8898 8962 9000 9130 9209 9395 9493 9526 9618 9769 9873 9978 a0
13 198 248 359 437 504 634 738 862 903 1093 1196 1221 1326 1401 1595 1642 1706 1806 1933 2075 2193 2246 2303 2414 2564 2659 2753 2846 2969 3045 3125 3263 3374 3468 3565 3628 3754 3860 3941 4086 4155 4236 4359 4407 4534 4687 4768 4892 4931 5075 5163 5266 5345 5426 5520 5651 5745 5844 5972 6044 6181 6291 6392 6457 6568 6632 6746 6858 6935 7067 7188 7245 7365 7446 7520 7656 7786 7896 7980 8076 8191 8260 8315 8493 8581 8658 8718 8847 8947 9013 9183 9210 9388 9496 9504 9664 9744 9801 9938 a0
41 109 256 364 487 517 601 798 806 963 1064 1148 1264 1395 1453 1520 1676 1799 1875 1909 2014 2198 2210 2322 2484 2577 2657 2768 2841 2956 3012 3185 3257 3379 3435 3581 3604 3750 3806 3964 4057 4119 4241 4384 4449 4534 4645 4792 4843 4984 5087 5145 5225 5329 5486 5542 5698 5734 5880 5909 6059 6132 6257 6350 6451 6579 6690 6785 6860 6971 7015 7125 7292 7311 7451 7595 7657 7726 7872 7949 8032 8165 8225 8357 8468 8567 8659 8728 8892 8992 9082 9170 9270 9396 9405 9524 9662 9790 9832 9969 a2
60 131 271 368 461 552 614 777 891 985 1071 1161 1230 1377 1493 1507 1699 1781 1884 1920 2062 2193 2268 2388 2444 2555 2696 2705 2827 2933 3066 3194 3203 3305 3471 3534 3653 3788 3806 3915 4044 4150 4200 4306 4411 4509 4639 4718 4811 4917 5062 5108 5248 5349 5481 5567 5663 5782 5823 5906 6055 6108 6250 6357 6419 6577 6657 6725 6806 6959 7053 7110 7275 7368 7475 7512 7692 7761 7877 7935 8016 8177 8294 8310 8470 8557 8645 8754 8824 8903 9071 9170 9265 9300 9459 9535 9600 9742 9887 9933 a2
13 112 252 363 452 533 679 773 869 975 1001 1105 1288 1390 1478 1514 1639 1787 1862 1931 2003 2101 2202 2388 2482 2545 2675 2709 2839 2911 3049 3174 3244 3383 3402 3564 3641 3747 3818 3923 4066 4180 4254 4328 4469 4565 4676 4709 4881 4921 5060 5155 5224 5301 5448 5512 5610 5764 5880 5906 6058 6170 6233 6357 6426 6526 6660 6705 6887 6913 7072 7192 7268 7338 7465 7522 7646 7774 7818 7916 8068 8165 8227 8318 8451 8593 8649 8742 8834 8990 9054 9177 9266 9312 9465 9595 9646 9797 9801 9942 a0
71 121 268 348 467 587 686 735 825 965 1035 1145 1263 1338 1492 1542 1614 1706 1832 1977 2018 2170 2297 2358 2495 2526 2656 2772 2869 2976 3049 3172 3276 3311 3496 3543 3659 3770 3883 3906 4062 4107 4208 4324 4419 4532 4602 4773 4873 4953 5031 5190 5269 5365 5486 5501 5623 5709 5853 5941 6030 6114 6265 6349 6416 6562 6669 6752 6842 6948 7082 7144 7223 7326 7414 7510 7661 7773 7839 7962 8024 8182 8299 8316 8444 8559 8603 8710 8825 8995 9020 9150 9217 9341 9475 9548 9641 9759 9808 9956 a3
50 131 224 370 487 567 642 751 876 939 1050 1170 1290 1317 1448 1515 1649 1705 1857 1958 2058 2126 2246 2328 2432 2526 2681 2751 2865 2969 3002 3165 3282 3399 3473 3551 3674 3745 3856 3991 4061 4159 4249 4355 4469 4579 4627 4724 4827 4933 5091 5153 5251 5397 5404 5523 5684 5796 5837 5960 6086 6191 6285 6306 6437 6584 6687 6790 6843 6996 7040 7104 7248 7365 7497 7599 7677 7790 7858 7952 8099 8157 8224 8332 8477 8548 8614 8785 8894 8950 9066 9177 9207 9395 9405 9569 9673 9742 9818 9984 a4
36 180 230 392 487 504 685 700 805 945 1094 1137 1285 1360 1428 1567 1653 1728 1888 1970 2002 2195 2293 2330 2463 2596 2653 2759 2827 2925 3035 3171 3273 3360 3463 3576 3693 3739 3890 3943 4028 4184 4289 4305 4472 4539 4622 4734 4876 4902 5020 5113 5230 5313 5490 5540 5687 5700 5829 5991 6051 6125 6272 6380 6409 6522 6664 6724 6897 6952 7073 7114 7238 7344 7442 7517 7606 7788 7857 7923 8073 8118 8283 8325 8404 8521 8641 8759 8870 8922 9089 9193 9209 9398 9491 9502 9612 9708 9895 9950 a3
97 136 224 328 406 575 685 771 872 934 1099 1142 1206 1317 1433 1542 1647 1775 1888 1980 2004 2154 2275 2363 2480 2504 2639 2753 2840 2904 3097 3192 3207 3347 3476 3581 3659 3796 3898 3946 4056 4188 4297 4387 4489 4550 4603 4781 4858 4959 5065 5133 5206 5369 5471 5543 5661 5760 5848 5901 6035 6132 6230 6367 6436 6506 6635 6758 6841 6952 7083 7150 7276 7342 7424 7515 7657 7788 7873 7929 8000 8158 8295 8380 8439 8564 8685 8737 8875 8932 9020 9198 9248 9397 9410 9524 9658 9729 9850 9983 a0
44 139 205 376 415 556 664 745 856 985 1072 1187 1219 1300 1477 1537 1649 1728 1872 1920 2097 2182 2208 2332 2485 2502 2679 2731 2800 2957 3027 3137 3290 3313 3456 3518 3689 3704 3824 3907 4020 4192 4219 4347 4447 4510 4629 4796 4832 4987 5008 5101 5278 5362 5418 5561 5631 5773 5890 5912 6077 6133 6245 6399 6458 6535 6697 6705 6844 6959 7047 7145 7203 7364 7499 7505 7663 7761 7884 7974 8073 8182 8298 8312 8448 8526 8658 8727 8895 8994 9087 9115 9213 9311 9430 9587 9646 9720 9888 9911 a0
23 151 273 339 463 597 614 762 813 998 1069 1189 1216 1339 1494 1534 1632 1750 1831 1977 2069 2110 2250 2371 2432 2531 2692 2733 2812 2958 3042 3172 3273 3360 3449 3531 3625 3773 3885 3929 4043 4165 4282 4395 4417 4526 4697 4772 4835 4953 5014 5170 5257 5334 5444 5513 5600 5701 5806 5931 6004 6180 6250 6354 6456 6597 6616 6755 6890 6963 7009 7158 7264 7302 7433 7503 7628 7755 7854 7906 8034 8120 8297 8358 8443 8572 8615 8738 8816 8936 9030 9123 9266 9353 9424 9563 9614 9727 9839 9920 a0
41 181 272 344 455 505 655 700 840 985 1045 1147 1200 1397 1484 1582 1691 1710 1883 1982 2077 2138 2254 2333 2485 2592 2610 2777 2870 2989 3000 3115 3234 3396 3492 3538 3625 3713 3888 3966 4059 4138 4276 4350 4484 4576 4666 4756 4839 4980 5022 5116 5255 5337 5432 5503 5627 5739 5858 5963 6094 6177 6230 6351 6484 6529 6612 6704 6805 6946 7057 7177 7222 7316 7422 7539 7662 7703 7848 7909 8025 8154 8237 8390 8466 8584 8660 8796 8863 8989 9010 9186 9255 9324 9471 9581 9607 9725 9866 9955 a3
62 151 293 323 444 594 638 715 893 940 1024 1190 1249 1337 1440 1539 1640 1784 1800 1969 2015 2140 2215 2335 2471 2522 2697 2745 2840 2931 3037 3137 3293 3345 3463 3503 3644 3767 3821 3990 4021 4181 4269 4348 4486 4595 4606 4787 4831 4941 5067 5140 5265 5385 5448 5521 5635 5757 5852 5922 6096 6193 6274 6362 6403 6586 6697 6703 6874 6937 7095 7173 7263 7310 7447 7533 7670 7767 7849 7975 8016 8110 8213 8398 8463 8597 8671 8707 8897 8941 9067 9186 9214 9399 9493 9527 9607 9707 9845 9999 a4
2 112 294 346 494 576 655 737 814 950 1068 1108 1276 1305 1486 1579 1675 1798 1806 1915 2089 2105 2232 2369 2409 2558 2664 2716 2819 2925 3063 3121 3250 3376 3413 3597 3619 3752 3869 3920 4016 4170 4282 4390 4499 4577 4638 4793 4807 4948 5032 5109 5239 5384 5409 5597 5679 5724 5836 5936 6012 6138 6217 6389 6487 6546 6658 6799 6892 6988 7059 7122 7229 7385 7499 7518 7623 7741 7870 7931 8019 8170 8209 8371 8493 8553 8682 8766 8867 8916 9017 9195 9215 9332 9408 9577 9652 9793 9802 9952 a0
38 101 218 388 409 579 653 784 890 973 1038 1153 1204 1316 1441 1529 1646 1795 1833 1964 2092 2132 2275 2370 2464 2506 2696 2777 2821 2966 3029 3138 3218 3312 3481 3569 3690 3783 3883 3974 4028 4181 4276 4342 4479 4541 4611 4715 4867 4948 5006 5197 5269 5387 5426 5506 5625 5748 5823 5903 6082 6176 6263 6323 6443 6599 6635 6792 6835 6971 7038 7162 7212 7359 7435 7511 7655 7732 7890 7922 8095 8180 8210 8373 8460 8532 8669 8730 8885 8975 9043 9142 9259 9379 9491 9552 9617 9752 9898 9980 a0
18 180 295 309 443 585 609 751 815 950 1093 1157 1201 1307 1401 1565 1689 1763 1811 1929 2004 2106 2260 2328 2496 2503 2632 2767 2882 2993 3002 3133 3210 3316 3476 3500 3614 3763 3817 3947 4060 4178 4270 4324 4450 4585 4658 4771 4889 4986 5028 5189 5287 5350 5401 5512 5620 5767 5813 5940 6052 6141 6269 6321 6448 6559 6646 6784 6831 6901 7051 7125 7245 7364 7469 7525 7635 7735 7877 7911 8044 8160 8278 8396 8465 8512 8646 8759 8814 8964 9079 9147 9250 9377 9494 9518 9609 9748 9876 9990 a1
73 140 288 335 402 543 622 781 876 976 1084 1189 1202 1395 1491 1563 1672 1756 1835 1913 2087 2170 2266 2321 2403 2575 2668 2769 2850 2916 3087 3158 3286 3373 3470 3520 3689 3760 3862 3969 4023 4178 4238 4387 4495 4557 4648 4781 4803 4955 5036 5192 5241 5377 5450 5503 5673 5766 5831 5927 6074 6152 6230 6360 6489 6525 6603 6729 6825 6970 7073 7112 7293 7365 7489 7509 7632 7779 7826 7946 8027 8187 8266 8395 8479 8594 8617 8709 8822 8967 9046 9123 9229 9335 9494 9570 9647 9778 9898 9969 a2
18 155 232 381 424 598 675 787 841 970 1094 1140 1285 1300 1487 1586 1634 1780 1894 1908 2093 2107 2258 2323 2450 2583 2658 2771 2818 2961 3054 3181 3257 3392 3408 3531 3633 3714 3854 3996 4041 4121 4280 4396 4452 4583 4643 4734 4807 4984 5013 5197 5203 5360 5460 5511 5697 5708 5831 5941 6039 6104 6269 6380 6416 6512 6683 6792 6892 6955 7052 7120 7226 7398 7466 7572 7626 7761 7871 7967 8039 8123 8264 8334 8447 8557 8678 8796 8831 8996 9033 9124 9283 9312 9456 9537 9651 9700 9880 9939 a4
51 142 251 331 493 570 605 794 888 985 1036 1137 1264 1302 1416 1540 1635 1732 1859 1934 2086 2161 2295 2321 2427 2536 2613 2741 2828 2920 3026 3181 3231 3367 3488 3580 3612 3702 3854 3986 4072 4101 4242 4311 4497 4587 4619 4710 4840 4997 5016 5167 5221 5305 5413 5589 5647 5729 5803 5956 6057 6163 6265 6368 6458 6555 6606 6796 6814 6935 7027 7133 7278 7372 7461 7584 7618 7784 7824 7940 8017 8102 8200 8331 8403 8559 8660 8726 8854 8998 9033 9182 9298 9398 9429 9509 9636 9774 9852 9942 a4
22 196 205 369 483 588 648 743 828 971 1062 1105 1263 1338 1454 1563 1634 1764 1899 1994 2079 2142 2215 2302 2445 2534 2680 2743 2852 2948 3043 3131 3282 3359 3495 3506 3695 3761 3820 3970 4011 4183 4225 4327 4470 4577 4635 4759 4874 4945 5001 5110 5253 5347 5401 5579 5680 5702 5824 5948 6008 6104 6290 6379 6427 6530 6622 6703 6843 6947 7067 7173 7243 7329 7482 7596 7617 7788 7831 7968 8099 8120 8268 8307 8446 8532 8678 8735 8858 8915 9025 9192 9236 9371 9461 9506 9693 9745 9899 9939 a2
32 116 227 378 428 567 623 764 804 962 1092 1171 1256 1349 1488 1536 1683 1733 1894 1952 2087 2144 2227 2322 2475 2536 2671 2767 2876 2903 3071 3188 3291 3313 3466 3504 3641 3729 3818 3965 4054 4170 4253 4353 4432 4521 4680 4722 4873 4970 5009 5112 5205 5387 5466 5587 5688 5705 5802 5991 6095 6156 6288 6300 6491 6504 6679 6742 6882 6984 7095 7154 7214 7329 7497 7516 7691 7774 7889 7954 8056 8149 8294 8305 8493 8558 8682 8704 8847 8979 9015 9136 9226 9326 9469 9598 9682 9752 9861 9928 a2
37 139 289 375 455 597 675 790 849 996 1014 1115 1248 1335 1445 1561 1682 1707 1832 1921 2075 2195 2202 2368 2458 2527 2688 2759 2898 2934 3038 3112 3261 3312 3419 3510 3605 3730 3837 3961 4007 4114 4297 4383 4400 4520 4677 4790 4823 4937 5099 5145 5229 5306 5465 5541 5636 5720 5816 5927 6008 6116 6292 6315 6458 6502 6654 6736 6816 6935 7056 7152 7269 7371 7414 7561 7698 7719 7868 7938 8050 8198 8235 8361 8435 8592 8682 8755 8846 8978 9073 9185 9213 9309 9452 9590 9621 9782 9825 9998 a3
41 174 288 381 446 576 658 791 804 942 1017 1151 1278 1377 1410 1580 1631 1780 1865 1919 2099 2189 2237 2362 2471 2539 2659 2718 2823 2939 3016 3193 3270 3372 3409 3523 3647 3779 3888 3916 4024 4163 4242 4335 4456 4533 4635 4732 4841 4910 5090 5101 5260 5378 5465 5551 5636 5725 5809 5907 6016 6140 6267 6365 6426 6523 6681 6705 6867 6987 7033 7151 7291 7349 7495 7535 7647 7702 7806 7937 8004 8126 8276 8313 8448 8514 8633 8791 8806 8957 9086 9121 9269 9381 9499 9583 9696 9776 9809 9932 a2
29 165 254 376 439 510 610 782 830 904 1034 1119 1271 1302 1489 1563 1653 1716 1811 1990 2090 2198 2210 2300 2411 2581 2610 2749 2811 2939 3070 3193 3273 3386 3474 3561 3622 3736 3808 3904 4022 4108 4276 4352 4452 4501 4697 4778 4810 4920 5042 5160 5297 5341 5461 5531 5654 5753 5865 5958 6099 6161 6271 6390 6434 6540 6645 6785 6828 6927 7040 7117 7208 7307 7468 7581 7621 7757 7848 7909 8083 8132 8239 8391 8497 8510 8696 8732 8825 8942 9006 9169 9271 9349 9405 9561 9637 9786 9818 9911 a2
12 150 282 379 425 551 690 773 880 910 1097 1104 1255 1375 1466 1521 1679 1792 1824 1944 2013 2160 2285 2320 2471 2545 2658 2701 2806 2943 3034 3139 3237 3353 3470 3582 3657 3711 3872 3958 4005 4158 4245 4332 4409 4564 4615 4774 4838 4939 5057 5194 5293 5367 5442 5552 5664 5761 5807 5979 6093 6188 6266 6336 6475 6558 6667 6702 6805 6984 7064 7168 7220 7366 7438 7554 7615 7752 7811 7907 8030 8184 8263 8367 8485 8540 8645 8769 8810 8918 9017 9195 9203 9393 9465 9517 9692 9708 9857 9950 a4
12 168 253 374 489 574 627 728 888 937 1012 1149 1200 1348 1408 1524 1698 1751 1834 1912 2097 2192 2286 2366 2468 2565 2626 2701 2820 2962 3006 3194 3261 3310 3418 3515 3609 3793 3896 3966 4018 4141 4222 4380 4405 4546 4602 4744 4856 4992 5093 5157 5222 5337 5499 5520 5682 5787 5805 5924 6047 6125 6207 6326 6430 6517 6688 6790 6830 6992 7015 7105 7254 7368 7494 7556 7669 7705 7861 7922 8062 8181 8244 8328 8468 8549 8672 8723 8811 8997 9033 9122 9287 9372 9419 9592 9633 9796 9850 9987 a2
12 114 264 377 487 502 654 743 842 950 1076 1125 1282 1361 1465 1581 1679 1757 1881 1945 2065 2179 2232 2358 2493 2517 2682 2748 2801 2923 3073 3155 3273 3365 3449 3567 3680 3751 3880 3947 4017 4179 4268 4347 4457 4596 4605 4710 4853 4911 5053 5139 5269 5342 5492 5533 5682 5705 5883 5969 6019 6105 6241 6319 6477 6520 6651 6717 6812 6998 7001 7128 7276 7334 7427 7585 7610 7785 7801 7996 8012 8172 8295 8390 8469 8534 8686 8731 8873 8915 9085 9174 9267 9310 9427 9511 9638 9748 9870 9936 a2
87 197 255 309 425 562 634 714 806 923 1096 1103 1287 1357 1446 1510 1650 1750 1842 1934 2020 2144 2296 2312 2426 2561 2665 2706 2816 2947 3061 3115 3264 3351 3425 3575 3639 3780 3844 3971 4051 4116 4266 4392 4488 4571 4679 4753 4881 4901 5087 5198 5227 5302 5424 5543 5601 5742 5883 5964 6097 6128 6298 6359 6461 6581 6639 6735 6831 6971 7071 7170 7205 7370 7482 7503 7677 7703 7824 7955 8081 8111 8225 8314 8459 8563 8688 8761 8827 8981 9073 9196 9297 9380 9474 9523 9618 9706 9831 9907 a1
44 121 209 329 417 592 656 720 820 965 1097 1118 1228 1382 1485 1502 1683 1799 1898 1993 2077 2108 2250 2397 2474 2572 2625 2796 2859 2985 3070 3171 3217 3323 3436 3589 3615 3784 3842 3970 4031 4141 4207 4316 4476 4578 4668 4797 4888 4920 5034 5107 5233 5314 5454 5536 5671 5712 5854 5944 6067 6159 6261 6335 6494 6525 6601 6705 6845 6996 7087 7198 7257 7327 7461 7536 7601 7734 7821 7996 8003 8128 8207 8338 8450 8563 8638 8702 8869 8900 9017 9103 9230 9397 9403 9571 9679 9772 9821 9950 a3
63 151 292 332 435 549 605 752 817 935 1037 1190 1258 1340 1439 1552 1622 1784 1830 1987 2098 2135 2245 2378 2484 2568 2659 2724 2889 2957 3029 3112 3271 3320 3439 3576 3615 3705 3814 3914 4032 4150 4251 4365 4479 4512 4672 4756 4863 4919 5057 5187 5290 5362 5478 5527 5606 5713 5848 5967 6089 6180 6263 6360 6406 6525 6619 6737 6800 6962 7036 7116 7269 7316 7455 7548 7684 7779 7898 7971 8096 8103 8261 8369 8499 8541 8621 8708 8842 8911 9070 9101 9257 9347 9424 9551 9686 9791 9859 9954 a4
34 155 201 383 440 518 674 707 829 943 1026 1115 1277 1370 1486 1519 1694 1760 1864 1903 2011 2195 2288 2392 2435 2559 2621 2791 2803 2961 3092 3120 3243 3379 3462 3547 3659 3786 3859 3922 4047 4101 4212 4368 4443 4586 4680 4777 4838 4932 5092 5130 5294 5351 5481 5538 5666 5708 5848 5981 6096 6182 6204 6367 6451 6505 6671 6797 6808 6939 7059 7108 7201 7342 7455 7510 7683 7720 7849 7948 8079 8144 8253 8371 8469 8561 8626 8792 8898 8923 9080 9151 9237 9378 9425 9565 9696 9744 9816 9937 a0
82 168 299 372 484 529 652 795 870 955 1046 1159 1299 1301 1452 1528 1633 1798 1889 1979 2078 2199 2284 2358 2408 2570 2623 2716 2890 2913 3038 3104 3211 3333 3497 3575 3654 3799 3885 3931 4074 4196 4227 4368 4434 4591 4638 4776 4873 4936 5063 5146 5226 5357 5436 5582 5684 5740 5863 5914 6006 6135 6205 6357 6416 6541 6648 6765 6804 6976 7074 7133 7213 7357 7405 7581 7672 7715 7824 7916 8032 8146 8243 8353 8449 8592 8677 8753 8897 8914 9091 9113 9235 9371 9425 9538 9691 9770 9852 9992 a2
72 171 296 362 429 532 669 752 854 910 1068 1115 1246 1381 1460 1592 1651 1707 1823 1964 2094 2168 2290 2385 2460 2598 2642 2732 2867 2990 3002 3163 3231 3373 3460 3574 3646 3791 3819 3959 4008 4101 4243 4304 4422 4597 4689 4789 4865 4945 5040 5162 5228 5328 5449 5503 5681 5710 5801 5931 6090 6136 6285 6363 6408 6505 6684 6773 6821 6985 7046 7159 7287 7363 7455 7593 7624 7786 7863 7962 8008 8152 8267 8321 8449 8539 8634 8703 8824 8956 9093 9135 9289 9388 9469 9571 9616 9779 9895 9916 a0
15 167 280 399 480 575 665 772 855 979 1095 1147 1239 1322 1437 1569 1663 1713 1868 1971 2080 2149 2265 2391 2410 2570 2699 2794 2884 2977 3044 3190 3247 3348 3493 3585 3687 3721 3869 3964 4068 4131 4268 4376 4497 4588 4650 4765 4831 4902 5052 5165 5227 5344 5433 5566 5602 5788 5889 5909 6075 6170 6288 6378 6434 6505 6600 6791 6829 6952 7082 7142 7244 7303 7402 7549 7680 7788 7894 7922 8020 8133 8263 8381 8425 8578 8662 8702 8814 8926 9083 9199 9232 9359 9488 9597 9643 9790 9841 9992 a4
59 136 278 320 409 521 623 742 884 986 1013 1193 1266 1389 1442 1507 1606 1753 1856 1942 2097 2176 2203 2369 2482 2510 2684 2715 2804 2905 3090 3147 3201 3334 3461 3596 3684 3760 3815 3957 4038 4160 4230 4339 4470 4505 4665 4769 4845 4990 5036 5136 5285 5349 5490 5582 5632 5709 5837 5998 6036 6108 6237 6378 6495 6566 6692 6732 6828 6945 7023 7146 7237 7399 7403 7537 7645 7763 7899 7977 8045 8114 8269 8314 8469 8553 8661 8751 8843 8978 9064 9174 9222 9316 9420 9530 9623 9751 9844 9903 a0
32 141 200 367 489 599 686 746 853 937 1069 1110 1260 1353 1422 1539 1623 1708 1842 1904 2040 2188 2250 2381 2448 2523 2620 2778 2873 2914 3093 3119 3295 3364 3412 3573 3668 3747 3880 3954 4074 4105 4290 4341 4495 4564 4662 4763 4898 4991 5000 5143 5201 5399 5472 5543 5691 5718 5819 5966 6078 6107 6273 6339 6443 6549 6615 6795 6840 6948 7070 7175 7228 7387 7429 7535 7698 7709 7886 7983 8060 8157 8280 8382 8413 8550 8617 8796 8892 8969 9081 9150 9227 9313 9475 9566 9632 9750 9897 9945 a2
67 122 249 320 424 514 613 769 836 944 1082 1132 1235 1306 1421 1527 1691 1725 1892 1931 2019 2102 2271 2367 2420 2548 2614 2712 2862 2903 3048 3111 3240 3334 3492 3534 3630 3761 3889 3935 4003 4127 4256 4324 4499 4517 4692 4707 4853 4939 5041 5124 5204 5314 5430 5565 5651 5782 5800 5975 6000 6101 6206 6332 6496 6571 6692 6701 6813 6986 7096 7129 7235 7357 7427 7591 7645 7746 7867 7902 8055 8107 8259 8323 8462 8523 8606 8725 8803 8926 9083 9148 9261 9314 9435 9502 9620 9723 9828 9928 a1
90 194 266 343 411 589 647 786 838 919 1004 1114 1298 1319 1493 1542 1682 1770 1872 1964 2066 2197 2286 2303 2447 2568 2621 2721 2825 2971 3022 3118 3239 3376 3465 3513 3692 3780 3850 3934 4059 4139 4265 4307 4478 4533 4663 4794 4842 4960 5038 5153 5255 5364 5459 5593 5607 5762 5895 5943 6067 6125 6261 6367 6497 6586 6675 6721 6854 6979 7049 7102 7219 7338 7404 7527 7631 7779 7824 7913 8005 8127 8279 8364 8432 8569 8662 8775 8817 8972 9005 9129 9284 9307 9466 9534 9677 9798 9809 9992 a2
41 139 262 310 435 533 617 759 832 961 1028 1138 1281 1337 1440 1545 1696 1734 1828 1923 2099 2103 2282 2374 2420 2517 2611 2772 2870 2949 3033 3169 3232 3355 3463 3588 3617 3754 3896 3935 4045 4115 4285 4311 4477 4591 4603 4769 4826 4988 5080 5163 5281 5369 5458 5538 5657 5788 5890 5918 6021 6144 6289 6382 6427 6558 6605 6725 6874 6952 7028 7142 7237 7392 7477 7583 7618 7771 7896 7928 8013 8141 8245 8381 8468 8569 8688 8763 8896 8925 9031 9128 9263 9378 9413 9500 9626 9702 9883 9919 a4
77 195 274 360 437 526 688 791 874 920 1085 1191 1261 1304 1480 1599 1607 1713 1857 1969 2042 2129 2249 2320 2499 2579 2658 2779 2876 2956 3015 3187 3277 3343 3436 3546 3671 3721 3830 3943 4099 4171 4222 4304 4445 4537 4601 4774 4833 4901 5019 5188 5225 5349 5442 5548 5645 5753 5860 5958 6067 6109 6214 6317 6404 6598 6613 6718 6868 6933 7028 7185 7283 7314 7470 7570 7607 7744 7875 7962 8077 8184 8245 8375 8437 8526 8661 8728 8800 8987 9000 9117 9261 9372 9476 9590 9657 9704 9800 9947 a1
83 106 299 373 433 505 611 778 871 941 1001 1177 1298 1381 1482 1563 1639 1780 1878 1936 2084 2117 2280 2332 2410 2524 2610 2738 2879 2913 3002 3144 3228 3338 3493 3578 3645 3702 3803 3920 4050 4149 4228 4346 4499 4540 4662 4791 4893 4926 5017 5123 5222 5311 5439 5565 5626 5766 5863 5909 6095 6173 6299 6357 6438 6557 6649 6760 6887 6904 7017 7137 7276 7357 7485 7535 7689 7733 7833 7969 8062 8119 8244 8352 8496 8578 8622 8717 8899 8928 9052 9178 9238 9394 9425 9577 9650 9770 9807 9942 a4
2 104 289 309 480 546 664 725 803 976 1092 1133 1293 1347 1475 1528 1646 1761 1859 1934 2032 2161 2258 2352 2438 2598 2682 2731 2808 2984 3019 3125 3291 3378 3459 3515 3655 3743 3815 3931 4057 4191 4295 4352 4459 4545 4645 4747 4850 4948 5003 5108 5248 5307 5458 5541 5645 5737 5870 5982 6064 6132 6216 6318 6456 6566 6642 6714 6887 6960 7072 7103 7246 7327 7476 7540 7665 7706 7892 7993 8053 8135 8281 8360 8481 8510 8677 8783 8820 8918 9070 9118 9273 9333 9467 9525 9675 9776 9895 9993 a0
30 159 290 375 400 562 620 730 818 975 1038 1144 1277 1329 1428 1550 1656 1737 1846 1989 2058 2194 2269 2389 2454 2530 2613 2759 2851 2964 3089 3110 3299 3390 3422 3575 3691 3784 3880 3948 4056 4152 4201 4343 4431 4573 4695 4704 4838 4974 5019 5138 5249 5303 5444 5536 5690 5700 5821 5970 6048 6160 6278 6353 6485 6528 6645 6787 6806 6952 7059 7172 7257 7397 7432 7505 7692 7726 7858 7980 8034 8109 8221 8377 8445 8551 8661 8795 8845 8986 9085 9191 9262 9310 9499 9595 9674 9748 9857 9903 a1
8 197 285 314 447 580 651 770 839 944 1064 1141 1241 1336 1439 1539 1600 1708 1834 1966 2049 2141 2220 2367 2467 2509 2647 2798 2837 2931 3044 3168 3255 3351 3425 3511 3635 3762 3898 3970 4010 4124 4206 4342 4421 4550 4621 4773 4860 4956 5073 5139 5223 5336 5478 5567 5677 5718 5847 5937 6033 6152 6233 6307 6499 6596 6685 6789 6810 6927 7004 7138 7209 7363 7455 7524 7635 7777 7846 7917 8088 8173 8237 8381 8458 8504 8644 8718 8873 8957 9034 9116 9215 9360 9437 9557 9691 9798 9842 9925 a3
31 162 232 351 435 530 659 781 853 931 1099 1171 1230 1349 1459 1514 1652 1749 1895 1951 2066 2115 2253 2393 2487 2522 2648 2726 2897 2933 3036 3135 3221 3352 3456 3510 3604 3729 3823 3974 4085 4137 4220 4326 4434 4545 4685 4711 4877 4942 5038 5149 5247 5373 5497 5515 5609 5739 5863 5912 6081 6133 6283 6319 6494 6564 6650 6777 6892 6948 7010 7123 7225 7320 7466 7529 7695 7726 7858 7942 8037 8137 8249 8354 8495 8587 8688 8747 8854 8940 9001 9165 9265 9310 9493 9551 9653 9700 9831 9970 a4
7 118 228 332 415 523 626 707 868 920 1083 1181 1221 1375 1443 1584 1628 1724 1807 1976 2002 2122 2252 2347 2445 2557 2615 2727 2814 2975 3095 3195 3287 3347 3429 3518 3620 3721 3880 3964 4061 4139 4286 4320 4418 4583 4644 4734 4849 4967 5024 5176 5224 5394 5491 5584 5666 5780 5887 5957 6008 6199 6293 6392 6424 6587 6693 6773 6846 6925 7063 7107 7244 7343 7414 7563 7636 7731 7829 7961 8013 8180 8278 8346 8450 8519 8671 8793 8856 8944 9051 9139 9234 9322 9456 9562 9646 9793 9896 9930 a4
70 188 223 304 417 531 681 779 828 948 1035 1151 1226 1344 1427 1520 1646 1741 1805 1916 2000 2117 2201 2373 2423 2572 2621 2786 2852 2916 3042 3135 3299 3371 3442 3591 3654 3742 3833 3987 4089 4113 4227 4396 4416 4588 4607 4778 4828 4941 5099 5151 5290 5313 5489 5553 5686 5750 5880 5944 6010 6194 6227 6312 6405 6599 6652 6754 6801 6935 7066 7104 7208 7317 7426 7586 7690 7705 7857 7935 8064 8143 8258 8310 8417 8591 8644 8785 8882 8989 9005 9104 9261 9388 9477 9595 9686 9715 9891 9916 a1
53 177 292 374 495 543 672 787 802 963 1081 1192 1244 1379 1466 1535 1616 1794 1814 1955 2067 2172 2211 2330 2462 2542 2620 2740 2831 2900 3074 3114 3240 3399 3411 3565 3666 3736 3822 3947 4071 4198 4279 4326 4423 4511 4617 4708 4810 4959 5069 5120 5276 5361 5468 5581 5665 5761 5812 5952 6022 6132 6256 6302 6488 6566 6651 6745 6868 6900 7069 7180 7272 7366 7483 7568 7693 7785 7807 7950 8025 8111 8230 8371 8430 8554 8637 8779 8830 8930 9000 9104 9224 9369 9425 9539 9641 9776 9837 9957 a3
71 140 209 390 489 547 610 778 800 987 1080 1154 1261 1327 1410 1502 1685 1772 1834 1929 2072 2114 2237 2300 2464 2556 2603 2740 2844 2927 3016 3147 3249 3390 3453 3571 3620 3780 3841 3906 4026 4101 4230 4342 4420 4550 4662 4742 4814 4936 5056 5104 5203 5327 5488 5556 5602 5708 5825 5932 6044 6169 6233 6372 6471 6532 6604 6770 6873 6939 7081 7104 7231 7327 7402 7570 7684 7795 7880 7914 8093 8160 8226 8307 8470 8512 8643 8722 8802 8997 9069 9112 9255 9308 9462 9556 9667 9757 9871 9987 a2
92 169 275 355 452 573 676 725 817 972 1007 1128 1211 1339 1483 1543 1626 1702 1858 1989 2082 2167 2275 2370 2469 2549 2623 2764 2846 2902 3026 3123 3293 3368 3400 3591 3651 3751 3817 3939 4067 4197 4285 4324 4461 4584 4644 4768 4879 4913 5041 5155 5212 5398 5463 5525 5693 5705 5886 5902 6049 6112 6279 6314 6445 6583 6634 6742 6838 6992 7092 7174 7284 7319 7422 7585 7682 7751 7808 7985 8005 8154 8285 8332 8461 8571 8611 8795 8805 8975 9097 9146 9265 9314 9489 9554 9618 9770 9878 9978 a2
