10
0 1 2 3 4 5 6 7 8 9 
10 11 12 13 14 15 16 17 18 19 
20 21 22 23 24 25 26 27 28 29 
30 31 32 33 34 35 36 37 38 39 
40 41 42 43 44 45 46 47 48 49 
50 51 52 53 54 55 56 57 58 59 
60 61 62 63 64 65 66 67 68 69 
70 71 72 73 74 75 76 77 78 79 
80 81 82 83 84 85 86 87 88 89 
90 91 92 93 94 95 96 97 98 99 
1
a0 a1 a2 a3 a4 
100
5 13 20 39 46 57 67 70 81 95 a3
2 18 23 37 41 59 68 73 81 96 a0
8 10 24 34 42 50 67 70 89 99 a1
8 15 23 38 41 57 64 71 85 97 a3
6 14 23 33 48 54 64 75 81 90 a0
4 14 20 35 42 54 67 72 81 96 a3
8 19 27 34 43 58 61 78 80 91 a1
2 13 29 31 49 52 63 75 83 97 a1
7 10 28 38 45 54 60 73 82 96 a0
8 16 23 35 43 51 65 74 82 90 a4
2 12 26 35 41 55 64 79 85 92 a4
5 11 26 36 45 52 66 78 86 98 a2
1 14 23 37 43 58 61 79 89 95 a1
7 18 25 31 40 53 65 79 83 91 a4
9 10 22 38 47 56 63 77 84 94 a0
6 10 21 32 44 51 65 77 85 92 a2
3 13 28 30 43 52 63 72 87 95 a2
3 15 23 34 44 51 65 76 81 90 a4
6 12 25 30 48 59 63 73 85 95 a2
5 17 28 30 46 53 61 74 81 97 a3
1 17 25 39 49 57 63 71 89 91 a1
5 17 26 35 42 53 64 79 83 99 a4
8 10 25 36 43 55 62 74 87 98 a0
9 10 27 34 49 59 66 79 83 96 a2
1 12 21 34 41 50 67 70 82 93 a3
2 18 25 33 43 53 68 79 84 93 a2
4 17 25 37 47 54 64 72 83 96 a1
4 18 23 35 48 53 62 76 87 96 a3
2 17 29 39 45 56 62 70 84 92 a0
6 18 23 39 44 52 63 75 89 90 a0
0 14 26 39 47 55 65 77 87 96 a4
6 15 27 38 48 58 67 70 82 91 a0
4 11 25 31 49 59 69 73 81 96 a3
1 17 24 32 46 58 67 75 87 94 a1
8 11 27 31 46 54 64 77 88 97 a4
0 10 24 34 46 55 66 78 83 95 a0
9 13 20 33 45 52 68 73 86 94 a2
0 13 23 33 48 52 64 79 83 98 a4
2 16 24 37 42 52 61 79 88 91 a4
6 12 24 31 43 58 62 79 85 90 a1
5 19 21 30 42 57 63 73 84 91 a1
9 10 23 38 48 59 66 72 87 95 a2
1 16 21 39 46 59 65 77 84 93 a4
8 11 24 36 42 50 64 76 85 96 a3
3 12 23 37 44 50 62 72 82 93 a4
0 18 24 38 42 50 63 77 86 97 a0
0 12 22 33 41 57 66 78 80 90 a3
4 13 29 35 49 54 65 75 81 90 a3
0 10 26 31 43 57 63 73 87 99 a0
3 11 21 34 41 59 64 76 84 92 a3
3 13 21 38 47 50 68 72 81 95 a0
4 11 22 36 49 53 69 74 87 92 a3
4 19 27 34 44 53 65 70 85 95 a2
3 16 22 30 45 50 62 74 84 98 a2
3 17 20 32 44 59 60 77 80 94 a2
6 19 21 31 42 56 65 76 81 99 a2
0 18 25 33 49 58 68 71 83 98 a4
9 16 29 34 42 58 66 70 87 94 a4
8 10 23 38 44 57 66 79 87 96 a2
8 17 22 37 41 50 62 78 88 91 a3
6 10 24 31 48 53 66 70 81 91 a4
0 19 24 30 40 54 61 74 83 90 a1
3 18 22 32 44 57 66 78 89 96 a4
2 14 22 33 42 59 62 72 87 95 a1
8 17 22 32 40 59 67 77 83 97 a3
3 16 26 39 45 59 69 74 83 92 a1
1 17 20 38 46 51 61 72 81 92 a3
0 10 24 39 41 56 66 70 82 92 a0
6 10 25 37 43 53 63 72 83 92 a0
4 16 25 32 41 52 66 75 81 95 a1
6 16 26 34 46 57 63 77 82 99 a0
9 11 29 33 49 57 68 78 88 99 a2
9 15 27 34 48 54 63 74 87 90 a2
3 13 29 31 49 57 66 79 85 99 a0
2 17 24 32 48 53 68 77 83 97 a1
1 16 20 36 41 58 68 73 88 92 a0
3 17 25 34 48 58 60 72 88 94 a2
9 12 20 30 45 56 60 75 80 97 a4
0 11 22 31 42 55 67 71 81 91 a4
1 13 26 37 44 54 60 76 81 98 a4
6 17 27 35 41 52 61 73 82 92 a2
5 17 24 31 47 55 64 74 87 93 a1
0 11 27 33 48 52 65 75 83 95 a0
1 14 25 33 46 53 65 70 87 99 a2
7 18 28 32 42 57 64 71 87 90 a2
3 16 26 38 48 53 69 77 86 99 a4
5 16 29 36 43 59 60 78 87 95 a2
5 13 29 35 46 59 67 71 81 98 a4
7 11 29 37 48 55 61 71 80 92 a3
9 12 22 33 46 54 64 70 88 93 a4
8 10 23 38 42 57 69 79 84 97 a4
5 18 27 36 45 50 65 76 86 95 a1
9 13 26 32 42 53 63 76 80 99 a2
8 12 28 34 49 53 64 71 80 97 a4
9 17 23 35 49 58 63 75 81 97 a1
6 11 29 32 40 55 66 76 87 97 a0
0 10 25 38 41 51 61 72 84 95 a2
1 14 29 39 46 53 64 73 84 98 a3
4 15 27 34 47 52 69 75 83 99 a0
9 16 22 30 41 56 62 73 89 93 a4